Video               HOTA    DetJ    AssA    MOTA    IDF1     TP     FP     FN    Prec     Rec
==========================================================================================
KITTI-17            5.93   40.56    0.87   33.63   43.79    408    161    437   71.70   48.28
MOT16-09            2.59   28.73    0.23   24.59   17.78   2840    704   6342   80.14   30.93
MOT16-11            2.52   38.61    0.16   36.15   22.60   4608   1240   6088   78.80   43.08
PETS09-S2L1         4.08   60.98    0.27   51.96   49.29   4199   1824    863   69.72   82.95
TUD-Campus          7.95   41.48    1.53   33.98   36.82    219    116    193   65.37   53.16
TUD-Stadtmitte      5.33   44.11    0.64   38.58   45.47    809    476    549   62.96   59.57
------------------------------------------------------------------------------------------
AVERAGE             4.73                   36.48   35.96
