
============================================================
Detector: yolo11n
============================================================
Video             Precision     Recall         F1        FPS     TP     FP     FN
------------------------------------------------------------
TUD-Campus           0.7014     0.8440     0.7661       8.17    303    129     56
TUD-Stadtmitte       0.9367     0.8581     0.8957       8.86    992     67    164
KITTI-17             0.7782     0.8120     0.7947      17.91    635    181    147
PETS09-S2L1          0.9193     0.9361     0.9277       7.75   4353    382    297
MOT16-09             0.8772     0.4757     0.6168       8.23   4200    588   4630
MOT16-11             0.8137     0.6051     0.6941       8.85   6097   1396   3979
AVERAGE              0.8580     0.6413     0.7340       8.57  16580   2743   9273

============================================================
Detector: yolo11s
============================================================
Video             Precision     Recall         F1        FPS     TP     FP     FN
------------------------------------------------------------
TUD-Campus           0.7014     0.8440     0.7661       8.21    303    129     56
TUD-Stadtmitte       0.9367     0.8581     0.8957       8.65    992     67    164
KITTI-17             0.7782     0.8120     0.7947      15.71    635    181    147
PETS09-S2L1          0.9193     0.9361     0.9277       7.84   4353    382    297
MOT16-09             0.8772     0.4757     0.6168       8.51   4200    588   4630
MOT16-11             0.8137     0.6051     0.6941       9.34   6097   1396   3979
AVERAGE              0.8580     0.6413     0.7340       8.77  16580   2743   9273

============================================================
Detector: yolov8n
============================================================
Video             Precision     Recall         F1        FPS     TP     FP     FN
------------------------------------------------------------
TUD-Campus           0.7014     0.8440     0.7661       8.35    303    129     56
TUD-Stadtmitte       0.9367     0.8581     0.8957       8.21    992     67    164
KITTI-17             0.7782     0.8120     0.7947      17.38    635    181    147
PETS09-S2L1          0.9193     0.9361     0.9277       8.13   4353    382    297
MOT16-09             0.8772     0.4757     0.6168       8.01   4200    588   4630
MOT16-11             0.8137     0.6051     0.6941       8.27   6097   1396   3979
AVERAGE              0.8580     0.6413     0.7340       8.41  16580   2743   9273

============================================================
Detector: yolov8s
============================================================
Video             Precision     Recall         F1        FPS     TP     FP     FN
------------------------------------------------------------
TUD-Campus           0.7014     0.8440     0.7661       8.28    303    129     56
TUD-Stadtmitte       0.9367     0.8581     0.8957       8.64    992     67    164
KITTI-17             0.7782     0.8120     0.7947      14.29    635    181    147
PETS09-S2L1          0.9193     0.9361     0.9277       6.33   4353    382    297
MOT16-09             0.8772     0.4757     0.6168       5.76   4200    588   4630
MOT16-11             0.8137     0.6051     0.6941       4.56   6097   1396   3979
AVERAGE              0.8580     0.6413     0.7340       5.76  16580   2743   9273

================================================================================
Detector        Precision     Recall         F1        FPS     TP     FP     FN
================================================================================
yolo11n            0.8580     0.6413     0.7340       8.57  16580   2743   9273
yolo11s            0.8580     0.6413     0.7340       8.77  16580   2743   9273
yolov8n            0.8580     0.6413     0.7340       8.41  16580   2743   9273
yolov8s            0.8580     0.6413     0.7340       5.76  16580   2743   9273
