3,1,566.94,144.98,12.79,46.04,1,-1,-1,-1
3,2,543.29,143.00,14.75,47.87,1,-1,-1,-1
3,3,526.81,136.98,15.83,54.18,1,-1,-1,-1
3,4,488.12,145.78,17.02,55.80,1,-1,-1,-1
3,5,406.92,148.19,109.13,212.72,1,-1,-1,-1
3,6,487.99,139.78,92.24,197.92,1,-1,-1,-1
4,1,567.00,144.95,12.88,46.33,1,-1,-1,-1
4,2,545.29,143.00,14.69,48.17,1,-1,-1,-1
4,3,526.43,136.95,15.99,54.65,1,-1,-1,-1
4,4,489.48,146.02,17.28,56.25,1,-1,-1,-1
4,5,421.05,147.12,109.59,215.16,1,-1,-1,-1
4,6,500.44,140.02,92.75,200.44,1,-1,-1,-1
5,1,566.44,144.95,12.99,46.62,1,-1,-1,-1
5,2,547.56,143.00,14.52,48.48,1,-1,-1,-1
5,3,525.72,136.95,16.08,55.13,1,-1,-1,-1
5,4,490.64,146.08,17.58,56.71,1,-1,-1,-1
5,5,436.71,146.81,109.86,217.67,1,-1,-1,-1
5,6,512.62,140.09,93.19,203.03,1,-1,-1,-1
6,1,568.34,144.96,13.10,46.91,1,-1,-1,-1
6,2,546.54,142.29,14.48,48.79,1,-1,-1,-1
6,3,523.37,136.96,16.16,55.63,1,-1,-1,-1
6,4,491.18,146.09,17.83,57.17,1,-1,-1,-1
6,5,450.42,148.87,109.89,218.85,1,-1,-1,-1
6,6,522.37,140.09,93.57,205.66,1,-1,-1,-1
7,1,570.35,144.97,13.20,47.20,1,-1,-1,-1
7,2,544.32,142.04,14.60,49.10,1,-1,-1,-1
7,3,519.71,136.97,16.23,56.13,1,-1,-1,-1
7,4,492.16,146.08,18.00,57.64,1,-1,-1,-1
7,5,463.74,152.41,108.80,216.46,1,-1,-1,-1
7,6,531.18,140.78,93.44,207.34,1,-1,-1,-1
8,1,570.14,144.97,13.24,47.47,1,-1,-1,-1
8,2,544.02,141.96,14.83,49.43,1,-1,-1,-1
8,3,519.46,136.97,16.32,56.48,1,-1,-1,-1
8,4,494.00,146.07,18.18,58.04,1,-1,-1,-1
8,5,477.33,153.01,107.87,216.76,1,-1,-1,-1
8,6,545.00,141.70,92.38,208.70,1,-1,-1,-1
9,1,568.42,144.98,13.23,47.73,1,-1,-1,-1
9,2,544.32,142.61,15.16,49.77,1,-1,-1,-1
9,3,521.21,136.98,16.50,56.77,1,-1,-1,-1
9,4,496.14,146.06,18.39,58.42,1,-1,-1,-1
9,5,491.67,151.84,106.07,218.08,1,-1,-1,-1
9,6,561.40,142.03,90.41,209.95,1,-1,-1,-1
10,1,569.59,144.98,13.48,47.99,1,-1,-1,-1
10,2,544.27,142.86,15.48,50.11,1,-1,-1,-1
10,3,520.87,136.98,16.58,57.05,1,-1,-1,-1
10,4,497.19,146.05,18.52,58.80,1,-1,-1,-1
10,5,510.25,150.04,105.85,219.82,1,-1,-1,-1
10,6,578.45,142.80,89.73,211.19,1,-1,-1,-1
11,1,571.03,144.98,14.01,48.25,1,-1,-1,-1
11,2,544.02,142.95,15.74,50.45,1,-1,-1,-1
11,3,519.89,136.98,16.61,57.33,1,-1,-1,-1
11,4,497.86,145.38,18.57,59.18,1,-1,-1,-1
11,5,528.95,148.02,107.11,221.74,1,-1,-1,-1
11,6,595.13,143.74,90.40,212.42,1,-1,-1,-1
11,7,240.46,141.98,60.25,170.31,1,-1,-1,-1
12,1,571.70,144.98,14.42,48.51,1,-1,-1,-1
12,2,543.69,142.99,15.95,50.80,1,-1,-1,-1
12,3,518.97,136.98,16.66,57.60,1,-1,-1,-1
12,4,500.38,145.12,18.70,59.56,1,-1,-1,-1
12,5,543.55,146.60,108.01,223.21,1,-1,-1,-1
12,6,600.65,143.42,90.95,214.86,1,-1,-1,-1
12,7,249.94,141.19,61.19,172.05,1,-1,-1,-1
13,1,572.02,144.99,14.69,48.82,1,-1,-1,-1
13,2,543.28,143.00,16.09,51.16,1,-1,-1,-1
13,3,518.06,136.99,16.77,58.00,1,-1,-1,-1
13,4,502.89,145.03,18.96,60.11,1,-1,-1,-1
13,5,556.21,144.74,108.60,224.53,1,-1,-1,-1
13,6,603.70,142.61,91.22,218.36,1,-1,-1,-1
13,7,245.67,131.43,67.99,189.99,1,-1,-1,-1
14,1,573.02,144.99,14.84,49.15,1,-1,-1,-1
14,2,543.57,143.01,16.16,51.52,1,-1,-1,-1
14,3,518.43,136.33,16.89,58.45,1,-1,-1,-1
14,4,504.13,144.99,19.16,60.74,1,-1,-1,-1
14,5,569.31,143.40,107.88,225.82,1,-1,-1,-1
14,6,618.66,142.30,91.37,222.35,1,-1,-1,-1
14,7,252.45,127.48,71.05,198.01,1,-1,-1,-1
15,1,573.67,144.99,14.89,49.49,1,-1,-1,-1
15,2,543.46,143.01,16.17,51.89,1,-1,-1,-1
15,3,518.59,136.08,17.03,58.92,1,-1,-1,-1
15,4,505.46,144.98,19.25,61.39,1,-1,-1,-1
15,5,582.54,142.25,105.80,227.12,1,-1,-1,-1
15,6,637.83,141.51,91.21,226.61,1,-1,-1,-1
15,7,263.61,124.78,72.67,202.94,1,-1,-1,-1
15,9,282.31,140.78,65.79,176.59,1,-1,-1,-1
16,1,573.68,144.99,14.87,49.83,1,-1,-1,-1
16,2,543.43,143.01,16.18,52.27,1,-1,-1,-1
16,3,517.05,135.33,17.07,59.41,1,-1,-1,-1
16,4,507.43,144.98,19.40,62.08,1,-1,-1,-1
16,5,593.31,143.16,104.82,226.32,1,-1,-1,-1
16,6,650.33,140.55,90.81,228.72,1,-1,-1,-1
16,7,267.95,122.56,73.61,206.68,1,-1,-1,-1
16,9,296.73,141.78,66.10,177.62,1,-1,-1,-1
17,1,573.49,144.99,14.80,50.18,1,-1,-1,-1
17,2,543.40,143.01,16.18,52.65,1,-1,-1,-1
17,3,512.56,141.62,17.88,61.83,1,-1,-1,-1
17,4,511.85,138.42,18.68,60.86,1,-1,-1,-1
17,5,602.40,144.86,105.40,224.68,1,-1,-1,-1
17,6,659.03,140.18,90.56,229.91,1,-1,-1,-1
17,7,268.87,121.19,74.10,209.98,1,-1,-1,-1
17,9,310.58,142.82,66.11,178.64,1,-1,-1,-1
18,1,573.96,145.65,14.90,50.51,1,-1,-1,-1
18,2,543.82,143.01,16.30,53.00,1,-1,-1,-1
18,3,511.84,144.00,18.41,62.93,1,-1,-1,-1
18,4,516.41,135.90,18.77,60.59,1,-1,-1,-1
18,5,612.89,146.84,105.08,222.72,1,-1,-1,-1
18,6,672.15,139.38,90.73,230.78,1,-1,-1,-1
18,7,268.15,121.43,74.07,212.16,1,-1,-1,-1
18,9,324.89,142.44,67.30,179.92,1,-1,-1,-1
19,1,575.16,145.90,15.12,50.83,1,-1,-1,-1
19,2,544.38,143.01,16.55,53.33,1,-1,-1,-1
19,3,515.83,138.40,18.36,61.67,1,-1,-1,-1
19,4,514.78,141.60,19.57,62.60,1,-1,-1,-1
19,5,626.22,146.94,104.61,222.31,1,-1,-1,-1
19,6,685.69,138.43,91.20,231.53,1,-1,-1,-1
19,7,266.74,121.64,73.76,213.87,1,-1,-1,-1
19,9,338.06,141.57,69.84,181.30,1,-1,-1,-1
20,1,576.18,145.99,15.31,51.16,1,-1,-1,-1
20,2,545.04,143.00,16.73,53.67,1,-1,-1,-1
20,3,517.56,136.18,18.64,61.38,1,-1,-1,-1
20,4,514.96,144.40,20.11,63.54,1,-1,-1,-1
20,5,643.99,146.97,103.78,222.51,1,-1,-1,-1
20,6,699.33,137.41,90.72,232.28,1,-1,-1,-1
20,7,272.98,122.47,74.20,215.43,1,-1,-1,-1
20,9,346.32,140.56,72.02,182.72,1,-1,-1,-1
21,1,576.98,146.03,15.43,51.48,1,-1,-1,-1
21,2,545.75,143.00,16.85,54.00,1,-1,-1,-1
21,3,518.33,136.01,19.07,61.49,1,-1,-1,-1
21,4,516.38,145.49,20.57,64.09,1,-1,-1,-1
21,5,662.46,146.33,102.32,222.94,1,-1,-1,-1
21,6,712.68,137.03,89.18,233.05,1,-1,-1,-1
21,7,281.18,123.52,75.40,216.96,1,-1,-1,-1
21,9,352.87,139.50,73.74,184.16,1,-1,-1,-1
21,10,1045.38,143.80,151.79,225.53,1,-1,-1,-1
22,1,577.77,146.04,15.72,51.81,1,-1,-1,-1
22,2,546.55,143.00,16.93,54.34,1,-1,-1,-1
22,3,518.72,135.95,19.59,61.78,1,-1,-1,-1
22,4,516.10,145.90,20.72,64.49,1,-1,-1,-1
22,5,679.44,145.42,102.63,223.51,1,-1,-1,-1
22,6,724.85,136.90,89.49,233.28,1,-1,-1,-1
22,7,291.14,124.65,75.77,218.52,1,-1,-1,-1
22,9,367.40,138.44,74.69,185.63,1,-1,-1,-1
22,10,1019.95,144.84,152.82,223.97,1,-1,-1,-1
23,1,578.37,146.04,16.12,52.15,1,-1,-1,-1
23,2,546.07,143.00,16.98,54.70,1,-1,-1,-1
23,3,518.75,134.61,20.10,62.17,1,-1,-1,-1
23,4,515.78,146.05,20.66,65.04,1,-1,-1,-1
23,5,693.61,145.09,104.38,224.15,1,-1,-1,-1
23,6,735.46,136.86,91.42,233.30,1,-1,-1,-1
23,7,300.60,125.13,75.26,219.94,1,-1,-1,-1
23,9,385.05,138.72,74.82,187.17,1,-1,-1,-1
23,10,983.95,146.62,152.28,222.33,1,-1,-1,-1
24,1,579.09,146.03,16.48,52.50,1,-1,-1,-1
24,2,545.99,143.00,17.06,55.08,1,-1,-1,-1
24,3,518.66,133.46,20.59,62.60,1,-1,-1,-1
24,4,518.26,145.44,20.84,65.66,1,-1,-1,-1
24,5,717.42,144.30,105.45,224.84,1,-1,-1,-1
24,6,743.56,136.86,92.17,233.21,1,-1,-1,-1
24,7,310.37,124.71,75.47,221.32,1,-1,-1,-1
24,9,398.05,138.83,75.72,188.75,1,-1,-1,-1
24,10,954.45,147.89,150.27,220.77,1,-1,-1,-1
25,1,579.84,145.38,16.78,52.86,1,-1,-1,-1
25,2,545.99,143.00,17.16,55.46,1,-1,-1,-1
25,3,519.84,133.03,21.05,63.03,1,-1,-1,-1
25,4,521.04,145.20,21.23,66.31,1,-1,-1,-1
25,5,743.73,143.36,105.68,225.56,1,-1,-1,-1
25,6,750.76,136.21,91.97,233.53,1,-1,-1,-1
25,7,320.64,124.58,76.40,222.83,1,-1,-1,-1
25,9,409.69,139.55,77.38,190.37,1,-1,-1,-1
25,10,926.89,146.87,148.56,221.90,1,-1,-1,-1
26,1,579.52,145.12,17.12,53.22,1,-1,-1,-1
26,2,544.21,143.00,17.11,55.84,1,-1,-1,-1
26,3,520.86,133.53,21.49,63.46,1,-1,-1,-1
26,4,523.43,145.11,21.65,66.99,1,-1,-1,-1
26,5,759.93,143.01,107.75,226.32,1,-1,-1,-1
26,6,769.57,135.32,93.62,234.02,1,-1,-1,-1
26,7,332.19,123.91,78.33,224.17,1,-1,-1,-1
26,9,423.04,139.82,77.77,192.00,1,-1,-1,-1
26,10,894.53,145.09,148.08,223.80,1,-1,-1,-1
27,1,579.40,145.03,17.46,53.59,1,-1,-1,-1
27,2,543.04,143.00,16.89,56.23,1,-1,-1,-1
27,3,522.48,133.74,21.90,63.90,1,-1,-1,-1
27,4,524.94,145.07,22.07,67.68,1,-1,-1,-1
27,5,768.64,142.89,111.10,226.58,1,-1,-1,-1
27,6,792.34,134.99,96.70,234.58,1,-1,-1,-1
27,7,343.87,123.69,81.24,225.59,1,-1,-1,-1
27,9,438.05,140.59,76.92,193.64,1,-1,-1,-1
27,10,868.26,147.82,146.08,221.33,1,-1,-1,-1
28,1,580.82,144.99,17.63,53.92,1,-1,-1,-1
28,2,542.56,143.00,16.67,56.65,1,-1,-1,-1
28,3,522.83,133.83,22.23,64.36,1,-1,-1,-1
28,4,527.08,145.05,22.34,68.25,1,-1,-1,-1
28,5,778.98,142.86,113.39,226.66,1,-1,-1,-1
28,6,815.25,134.22,98.34,235.19,1,-1,-1,-1
28,7,354.43,123.63,82.77,228.04,1,-1,-1,-1
28,9,452.89,140.22,78.06,195.97,1,-1,-1,-1
28,10,842.81,151.54,142.10,217.37,1,-1,-1,-1
29,1,582.16,145.64,17.64,54.23,1,-1,-1,-1
29,2,543.00,143.00,16.44,57.10,1,-1,-1,-1
29,3,527.27,141.08,23.15,67.39,1,-1,-1,-1
29,4,525.43,137.85,21.61,66.25,1,-1,-1,-1
29,5,790.24,142.86,114.54,226.67,1,-1,-1,-1
29,6,837.63,133.28,98.33,235.83,1,-1,-1,-1
29,7,364.10,123.64,82.77,230.96,1,-1,-1,-1
29,9,467.64,139.43,80.89,198.62,1,-1,-1,-1
29,10,819.01,151.52,141.15,217.56,1,-1,-1,-1
30,1,584.12,145.88,17.69,54.54,1,-1,-1,-1
30,2,543.61,143.66,16.36,57.56,1,-1,-1,-1
30,3,525.52,136.72,22.36,66.34,1,-1,-1,-1
30,4,530.71,142.36,22.25,68.37,1,-1,-1,-1
30,5,815.95,142.87,119.95,226.66,1,-1,-1,-1
30,6,855.95,132.94,100.50,236.50,1,-1,-1,-1
30,7,377.08,123.66,83.19,234.11,1,-1,-1,-1
30,9,477.25,138.47,83.57,201.41,1,-1,-1,-1
30,10,789.37,153.49,137.10,215.44,1,-1,-1,-1
31,1,585.60,145.98,17.78,54.85,1,-1,-1,-1
31,2,543.58,143.91,16.41,58.02,1,-1,-1,-1
31,3,526.25,134.96,21.73,66.24,1,-1,-1,-1
31,4,534.46,144.69,22.51,69.48,1,-1,-1,-1
31,5,836.32,142.88,125.12,226.64,1,-1,-1,-1
31,6,870.70,132.17,104.39,237.19,1,-1,-1,-1
31,7,391.04,123.04,83.91,237.42,1,-1,-1,-1
31,9,484.63,137.45,85.98,204.32,1,-1,-1,-1
31,10,760.44,153.50,133.16,215.43,1,-1,-1,-1
32,1,587.07,146.67,17.96,55.17,1,-1,-1,-1
32,2,545.84,144.00,17.01,58.50,1,-1,-1,-1
32,3,525.02,134.29,21.40,66.52,1,-1,-1,-1
32,4,538.43,145.59,22.87,70.24,1,-1,-1,-1
32,5,856.19,142.89,130.07,226.52,1,-1,-1,-1
32,6,890.29,131.24,106.92,237.76,1,-1,-1,-1
32,7,401.75,122.82,84.39,240.84,1,-1,-1,-1
32,9,499.34,136.41,86.74,207.32,1,-1,-1,-1
32,10,742.74,152.80,130.49,216.36,1,-1,-1,-1
33,1,588.45,146.93,18.23,55.52,1,-1,-1,-1
33,2,547.28,144.03,17.58,58.96,1,-1,-1,-1
33,3,524.31,134.05,21.29,67.04,1,-1,-1,-1
33,4,541.09,145.93,23.42,71.01,1,-1,-1,-1
33,5,876.58,142.90,134.85,226.36,1,-1,-1,-1
33,6,910.50,130.90,107.94,238.29,1,-1,-1,-1
33,7,411.08,123.41,84.51,244.22,1,-1,-1,-1
33,9,515.72,136.68,85.78,210.30,1,-1,-1,-1
33,10,730.80,151.18,127.72,215.80,1,-1,-1,-1
34,1,589.31,147.02,18.40,55.88,1,-1,-1,-1
34,2,547.75,144.04,18.13,59.43,1,-1,-1,-1
34,3,524.34,133.96,21.32,67.64,1,-1,-1,-1
34,4,541.52,146.05,23.81,71.81,1,-1,-1,-1
34,5,897.22,142.92,139.51,226.19,1,-1,-1,-1
34,6,928.05,130.13,108.07,238.83,1,-1,-1,-1
34,7,425.53,123.65,84.28,245.89,1,-1,-1,-1
34,9,531.12,136.79,86.25,213.31,1,-1,-1,-1
34,10,711.02,149.87,123.80,212.90,1,-1,-1,-1
35,1,589.96,146.40,18.47,56.25,1,-1,-1,-1
35,2,543.21,144.69,20.96,68.27,1,-1,-1,-1
35,3,524.59,133.93,21.44,68.29,1,-1,-1,-1
35,4,546.48,144.13,21.56,64.27,1,-1,-1,-1
35,5,918.67,142.93,144.07,226.01,1,-1,-1,-1
35,6,943.39,129.86,107.12,239.38,1,-1,-1,-1
35,7,442.44,123.76,83.82,246.29,1,-1,-1,-1
35,9,546.20,137.50,87.98,216.37,1,-1,-1,-1
35,10,690.79,148.69,119.86,209.12,1,-1,-1,-1
36,1,591.52,146.15,18.78,56.63,1,-1,-1,-1
36,2,542.97,144.94,22.32,72.04,1,-1,-1,-1
36,3,524.93,133.92,21.43,68.97,1,-1,-1,-1
36,4,548.28,143.36,20.88,61.56,1,-1,-1,-1
36,5,941.78,142.93,148.55,225.81,1,-1,-1,-1
36,6,964.40,128.46,108.65,240.46,1,-1,-1,-1
36,7,458.78,123.82,85.11,246.19,1,-1,-1,-1
36,9,558.64,137.77,89.52,219.51,1,-1,-1,-1
36,10,675.46,152.27,117.14,206.75,1,-1,-1,-1
37,1,593.99,146.06,19.30,57.02,1,-1,-1,-1
37,2,544.89,145.03,23.20,74.08,1,-1,-1,-1
37,3,525.23,133.93,21.27,69.66,1,-1,-1,-1
37,4,548.81,143.08,20.89,60.95,1,-1,-1,-1
37,5,965.57,143.60,152.98,225.62,1,-1,-1,-1
37,6,984.73,127.29,112.00,241.79,1,-1,-1,-1
37,7,473.51,123.85,88.00,245.91,1,-1,-1,-1
37,9,570.46,138.54,90.76,222.73,1,-1,-1,-1
37,10,659.53,152.92,113.88,202.19,1,-1,-1,-1
38,1,594.78,146.02,19.56,57.43,1,-1,-1,-1
38,2,546.52,145.06,23.94,75.43,1,-1,-1,-1
38,3,525.81,145.70,21.24,70.29,1,-1,-1,-1
38,4,549.66,142.99,21.16,61.04,1,-1,-1,-1
38,5,990.98,143.86,157.38,225.41,1,-1,-1,-1
38,6,1034.11,125.56,121.92,243.27,1,-1,-1,-1
38,7,486.34,124.53,90.05,245.41,1,-1,-1,-1
38,9,587.00,138.18,92.33,226.12,1,-1,-1,-1
38,10,637.71,153.14,109.21,195.92,1,-1,-1,-1
39,1,595.03,146.01,19.61,57.86,1,-1,-1,-1
39,2,548.47,145.71,24.61,76.51,1,-1,-1,-1
39,3,526.36,148.90,21.31,70.87,1,-1,-1,-1
39,4,550.62,142.96,21.52,61.38,1,-1,-1,-1
39,5,1017.67,143.96,161.76,225.19,1,-1,-1,-1
39,6,1060.79,124.27,128.80,244.82,1,-1,-1,-1
39,7,497.65,124.79,91.26,244.83,1,-1,-1,-1
39,9,604.15,138.05,94.02,229.64,1,-1,-1,-1
39,10,608.89,155.22,107.17,193.94,1,-1,-1,-1
40,1,595.43,146.00,19.56,58.31,1,-1,-1,-1
40,2,550.34,145.96,24.98,77.51,1,-1,-1,-1
40,3,526.41,150.73,21.55,71.43,1,-1,-1,-1
40,4,550.94,142.95,21.94,61.82,1,-1,-1,-1
40,5,1041.69,144.65,164.60,224.64,1,-1,-1,-1
40,6,1079.03,123.81,131.83,245.14,1,-1,-1,-1
40,7,512.06,125.56,91.79,244.21,1,-1,-1,-1
40,9,617.02,137.35,95.75,231.96,1,-1,-1,-1
40,10,593.66,155.29,105.30,193.14,1,-1,-1,-1
41,1,596.59,146.00,19.42,58.76,1,-1,-1,-1
41,2,552.07,146.05,25.02,78.49,1,-1,-1,-1
41,3,526.12,139.61,21.89,71.93,1,-1,-1,-1
41,4,551.69,142.95,22.38,62.30,1,-1,-1,-1
41,5,1060.15,145.58,164.01,223.51,1,-1,-1,-1
41,6,1095.82,124.32,131.55,245.01,1,-1,-1,-1
41,7,527.50,125.85,91.59,243.58,1,-1,-1,-1
41,9,626.38,137.08,97.35,233.13,1,-1,-1,-1
41,10,586.17,153.95,102.96,192.29,1,-1,-1,-1
42,1,598.10,145.35,19.21,59.23,1,-1,-1,-1
42,2,553.93,146.72,25.03,79.47,1,-1,-1,-1
42,3,526.02,135.97,22.25,72.48,1,-1,-1,-1
42,4,552.60,142.96,22.83,62.79,1,-1,-1,-1
42,5,1082.34,145.76,163.87,223.33,1,-1,-1,-1
42,6,1117.33,123.67,131.99,245.82,1,-1,-1,-1
42,7,546.55,126.62,92.90,242.93,1,-1,-1,-1
42,9,641.41,136.33,97.50,233.87,1,-1,-1,-1
42,10,567.73,153.43,102.16,191.33,1,-1,-1,-1
43,1,599.78,145.75,18.96,59.74,1,-1,-1,-1
43,2,555.08,146.33,24.94,80.36,1,-1,-1,-1
43,3,525.85,134.58,22.57,73.05,1,-1,-1,-1
43,4,553.15,142.96,22.73,63.34,1,-1,-1,-1
43,7,563.43,126.25,95.82,243.45,1,-1,-1,-1
43,9,656.51,136.70,95.96,233.75,1,-1,-1,-1
43,10,544.74,153.89,102.41,190.03,1,-1,-1,-1
44,1,601.85,145.91,18.99,60.27,1,-1,-1,-1
44,2,558.85,146.18,25.32,81.23,1,-1,-1,-1
44,3,525.96,134.06,22.75,73.65,1,-1,-1,-1
44,4,554.58,142.97,22.63,63.92,1,-1,-1,-1
44,7,574.67,124.79,97.40,244.45,1,-1,-1,-1
44,9,674.30,136.85,95.66,233.29,1,-1,-1,-1
44,10,522.51,154.06,102.06,188.34,1,-1,-1,-1
45,1,603.23,145.97,19.24,60.82,1,-1,-1,-1
45,2,562.76,145.46,26.12,82.09,1,-1,-1,-1
45,3,526.14,133.87,22.75,74.26,1,-1,-1,-1
45,4,555.63,142.31,22.50,64.51,1,-1,-1,-1
45,7,584.26,123.57,97.47,245.67,1,-1,-1,-1
45,9,691.52,137.57,96.34,232.68,1,-1,-1,-1
45,10,501.72,154.11,101.31,186.28,1,-1,-1,-1
46,1,605.27,145.99,19.58,61.38,1,-1,-1,-1
46,2,565.62,145.18,26.73,82.97,1,-1,-1,-1
46,3,526.71,133.82,22.71,74.89,1,-1,-1,-1
46,4,558.34,142.07,22.28,65.11,1,-1,-1,-1
46,7,604.09,122.46,98.12,246.98,1,-1,-1,-1
46,9,707.62,137.84,97.29,232.01,1,-1,-1,-1
46,10,482.31,153.44,98.89,185.10,1,-1,-1,-1
47,1,606.74,146.00,19.95,61.95,1,-1,-1,-1
47,2,567.97,144.42,27.12,83.88,1,-1,-1,-1
47,3,527.36,133.16,22.59,75.53,1,-1,-1,-1
47,4,561.65,141.98,21.96,65.72,1,-1,-1,-1
47,7,627.17,120.73,99.11,248.37,1,-1,-1,-1
47,9,721.74,138.61,98.22,231.32,1,-1,-1,-1
47,10,463.70,152.52,94.63,184.26,1,-1,-1,-1
48,1,608.05,146.00,20.35,62.49,1,-1,-1,-1
48,2,570.57,144.13,27.46,84.85,1,-1,-1,-1
48,3,528.73,132.92,22.64,76.16,1,-1,-1,-1
48,4,561.17,142.60,21.95,66.31,1,-1,-1,-1
48,7,643.99,120.09,101.03,249.32,1,-1,-1,-1
48,9,738.29,137.58,98.89,232.23,1,-1,-1,-1
48,10,445.43,151.51,92.85,183.55,1,-1,-1,-1
49,1,609.26,146.00,20.79,63.02,1,-1,-1,-1
49,2,573.17,144.02,27.72,85.88,1,-1,-1,-1
49,3,530.27,132.84,22.81,76.81,1,-1,-1,-1
49,4,559.80,142.85,22.22,66.90,1,-1,-1,-1
49,7,657.36,119.20,103.67,250.10,1,-1,-1,-1
49,9,754.47,135.87,98.71,233.82,1,-1,-1,-1
49,10,426.52,150.46,93.23,182.87,1,-1,-1,-1
50,1,611.06,146.66,21.26,63.56,1,-1,-1,-1
50,2,578.13,143.98,27.59,86.94,1,-1,-1,-1
50,3,529.90,132.83,22.89,77.47,1,-1,-1,-1
50,4,560.15,142.94,22.36,67.50,1,-1,-1,-1
50,7,678.67,118.23,105.74,250.86,1,-1,-1,-1
50,9,768.63,133.91,100.44,235.72,1,-1,-1,-1
50,10,408.49,149.41,91.70,182.22,1,-1,-1,-1
51,1,613.71,146.91,21.75,64.10,1,-1,-1,-1
51,2,584.65,143.31,27.05,88.03,1,-1,-1,-1
51,3,528.10,132.83,22.85,78.13,1,-1,-1,-1
51,4,561.17,143.63,22.38,68.10,1,-1,-1,-1
51,7,702.16,117.22,106.98,251.64,1,-1,-1,-1
51,9,780.78,131.86,103.63,237.82,1,-1,-1,-1
51,10,390.48,148.37,88.38,181.56,1,-1,-1,-1
52,1,615.86,147.00,22.20,64.66,1,-1,-1,-1
52,2,586.97,143.06,27.37,89.16,1,-1,-1,-1
52,3,529.12,132.85,22.96,78.81,1,-1,-1,-1
52,4,562.66,143.90,22.56,68.71,1,-1,-1,-1
52,7,718.43,116.86,108.26,252.44,1,-1,-1,-1
52,9,805.67,129.13,105.26,240.04,1,-1,-1,-1
52,10,372.44,148.65,87.51,180.50,1,-1,-1,-1
53,1,617.16,147.03,22.57,65.08,1,-1,-1,-1
53,2,587.36,142.97,28.44,90.25,1,-1,-1,-1
53,3,531.11,132.21,23.19,79.54,1,-1,-1,-1
53,4,562.93,143.99,22.88,69.34,1,-1,-1,-1
53,7,730.12,114.77,109.54,254.14,1,-1,-1,-1
53,9,834.52,129.42,104.19,239.98,1,-1,-1,-1
53,10,353.68,148.78,88.95,179.28,1,-1,-1,-1
54,1,617.73,147.04,22.74,65.45,1,-1,-1,-1
54,2,588.84,142.94,29.32,91.35,1,-1,-1,-1
54,3,531.43,131.97,23.50,80.30,1,-1,-1,-1
54,4,563.56,143.37,23.18,70.00,1,-1,-1,-1
54,7,764.70,112.69,117.83,256.25,1,-1,-1,-1
54,9,863.13,130.22,104.68,239.00,1,-1,-1,-1
54,10,337.25,148.83,88.50,178.03,1,-1,-1,-1
55,1,618.65,147.04,22.72,65.80,1,-1,-1,-1
55,2,590.64,142.93,29.99,92.47,1,-1,-1,-1
55,3,532.38,131.89,23.87,81.05,1,-1,-1,-1
55,4,564.24,143.13,23.42,70.66,1,-1,-1,-1
55,7,789.50,110.61,125.96,258.60,1,-1,-1,-1
55,9,888.94,131.87,106.48,237.63,1,-1,-1,-1
55,10,321.49,148.87,86.37,176.77,1,-1,-1,-1
56,1,620.94,147.04,22.71,66.16,1,-1,-1,-1
56,2,594.49,142.93,30.67,93.61,1,-1,-1,-1
56,3,533.67,131.87,24.12,81.81,1,-1,-1,-1
56,4,565.15,143.04,23.67,71.34,1,-1,-1,-1
56,7,811.27,107.89,133.94,261.11,1,-1,-1,-1
56,9,913.31,133.18,115.37,236.06,1,-1,-1,-1
56,10,304.52,149.55,84.53,175.52,1,-1,-1,-1
57,1,623.05,147.03,22.69,66.51,1,-1,-1,-1
57,2,598.32,142.94,31.30,94.78,1,-1,-1,-1
57,3,535.09,131.87,24.25,82.59,1,-1,-1,-1
57,4,566.04,143.01,23.91,72.03,1,-1,-1,-1
57,7,832.62,105.58,141.80,263.79,1,-1,-1,-1
57,9,937.32,135.00,123.97,234.38,1,-1,-1,-1
57,10,288.32,149.15,83.00,174.38,1,-1,-1,-1
58,1,626.22,147.03,22.63,66.96,1,-1,-1,-1
58,2,602.28,143.60,31.91,95.91,1,-1,-1,-1
58,3,537.00,131.88,24.40,83.35,1,-1,-1,-1
58,4,567.84,143.00,24.21,72.74,1,-1,-1,-1
58,7,854.70,104.74,149.04,264.59,1,-1,-1,-1
58,9,960.47,134.37,133.49,235.00,1,-1,-1,-1
58,10,272.86,149.01,81.22,173.28,1,-1,-1,-1
59,1,629.16,147.03,22.53,67.46,1,-1,-1,-1
59,2,606.11,143.85,32.45,97.04,1,-1,-1,-1
59,3,539.05,131.89,24.56,84.10,1,-1,-1,-1
59,4,569.84,142.99,24.54,73.49,1,-1,-1,-1
59,7,878.58,104.47,156.23,264.65,1,-1,-1,-1
59,9,984.72,132.81,143.45,236.60,1,-1,-1,-1
59,10,258.38,148.29,79.22,172.20,1,-1,-1,-1
60,1,631.54,147.02,22.44,67.97,1,-1,-1,-1
60,2,609.14,143.95,33.12,98.19,1,-1,-1,-1
60,3,540.66,131.90,24.79,84.87,1,-1,-1,-1
60,4,571.23,142.99,25.10,74.25,1,-1,-1,-1
60,7,904.67,104.42,163.66,264.41,1,-1,-1,-1
60,9,1010.21,130.90,153.69,238.65,1,-1,-1,-1
60,10,245.85,150.69,75.73,168.74,1,-1,-1,-1
61,1,633.72,147.02,22.37,68.49,1,-1,-1,-1
61,2,611.66,143.99,33.84,99.36,1,-1,-1,-1
61,3,542.05,131.91,25.08,85.64,1,-1,-1,-1
61,4,572.21,142.99,25.83,75.03,1,-1,-1,-1
61,7,929.66,103.78,171.86,265.46,1,-1,-1,-1
61,9,1029.82,128.87,161.51,240.53,1,-1,-1,-1
61,10,235.94,153.61,71.74,164.53,1,-1,-1,-1
62,1,635.52,147.02,22.42,69.02,1,-1,-1,-1
62,2,614.18,144.00,34.70,100.56,1,-1,-1,-1
62,3,542.57,131.92,25.61,86.43,1,-1,-1,-1
62,4,573.35,142.99,26.40,75.82,1,-1,-1,-1
62,7,954.96,102.27,180.49,267.10,1,-1,-1,-1
62,9,1046.00,127.46,165.37,241.58,1,-1,-1,-1
62,10,228.62,152.67,68.94,162.12,1,-1,-1,-1
63,1,635.84,147.02,22.62,69.63,1,-1,-1,-1
63,2,617.77,144.01,35.65,101.89,1,-1,-1,-1
63,3,542.00,131.28,26.35,87.30,1,-1,-1,-1
63,4,574.47,142.99,26.73,76.49,1,-1,-1,-1
63,7,982.46,100.41,189.45,269.06,1,-1,-1,-1
63,9,1068.86,126.82,165.91,242.37,1,-1,-1,-1
63,10,222.13,150.96,66.79,160.40,1,-1,-1,-1
64,1,636.61,147.02,22.86,70.28,1,-1,-1,-1
64,2,621.84,144.01,36.47,103.31,1,-1,-1,-1
64,3,542.57,131.04,26.94,88.22,1,-1,-1,-1
64,4,575.00,142.99,27.10,77.13,1,-1,-1,-1
64,7,1002.95,97.78,196.05,271.24,1,-1,-1,-1
64,10,188.80,148.98,70.54,158.96,1,-1,-1,-1
65,1,636.90,147.01,23.12,70.95,1,-1,-1,-1
65,2,626.62,144.01,37.12,104.79,1,-1,-1,-1
65,3,544.18,130.95,27.36,89.16,1,-1,-1,-1
65,4,575.86,142.99,27.48,77.75,1,-1,-1,-1
65,7,1020.18,96.82,198.39,272.19,1,-1,-1,-1
65,10,172.20,148.77,69.74,157.17,1,-1,-1,-1
66,1,638.50,147.67,23.47,71.64,1,-1,-1,-1
66,2,631.26,143.36,37.89,106.31,1,-1,-1,-1
66,3,545.45,130.92,27.57,90.10,1,-1,-1,-1
66,4,577.39,142.99,27.84,78.38,1,-1,-1,-1
66,7,1038.09,97.16,196.52,271.76,1,-1,-1,-1
67,1,638.25,147.91,23.77,72.34,1,-1,-1,-1
67,2,635.66,143.11,38.72,107.89,1,-1,-1,-1
67,3,546.54,130.27,27.56,91.05,1,-1,-1,-1
67,4,579.76,142.34,28.15,79.02,1,-1,-1,-1
67,7,1057.80,98.00,191.15,270.80,1,-1,-1,-1
68,1,642.30,148.01,24.15,72.98,1,-1,-1,-1
68,2,640.17,143.66,39.44,109.47,1,-1,-1,-1
68,3,546.48,130.02,27.61,91.99,1,-1,-1,-1
68,4,582.56,142.09,28.70,79.68,1,-1,-1,-1
68,7,1080.26,97.11,191.80,271.71,1,-1,-1,-1
69,1,647.23,148.04,24.58,73.61,1,-1,-1,-1
69,2,644.54,143.88,40.02,111.08,1,-1,-1,-1
69,3,545.83,129.93,27.68,92.94,1,-1,-1,-1
69,4,585.41,142.00,29.42,80.37,1,-1,-1,-1
70,1,650.81,148.05,24.93,74.24,1,-1,-1,-1
70,2,650.59,144.61,40.58,112.74,1,-1,-1,-1
70,3,545.83,129.91,27.85,93.90,1,-1,-1,-1
70,4,587.26,141.97,29.99,81.07,1,-1,-1,-1
71,1,653.12,147.39,25.20,74.88,1,-1,-1,-1
71,2,656.42,144.89,41.08,114.45,1,-1,-1,-1
71,3,546.57,129.91,28.06,94.89,1,-1,-1,-1
71,4,589.36,141.96,30.38,81.78,1,-1,-1,-1
72,1,654.14,147.14,25.31,75.53,1,-1,-1,-1
72,2,662.10,145.65,42.15,116.21,1,-1,-1,-1
72,3,548.56,129.26,28.43,95.90,1,-1,-1,-1
72,4,591.89,141.96,30.73,82.50,1,-1,-1,-1
73,1,655.26,147.04,25.26,76.19,1,-1,-1,-1
73,2,666.67,145.29,43.74,118.25,1,-1,-1,-1
73,3,550.86,129.67,28.88,96.91,1,-1,-1,-1
73,4,594.52,141.96,31.03,83.35,1,-1,-1,-1
74,1,657.43,147.66,25.39,76.88,1,-1,-1,-1
74,2,671.41,145.14,44.92,120.44,1,-1,-1,-1
74,3,550.86,130.49,29.49,97.93,1,-1,-1,-1
74,4,596.50,141.96,31.27,84.25,1,-1,-1,-1
75,1,659.89,147.90,25.65,77.57,1,-1,-1,-1
75,2,676.51,144.43,45.53,122.75,1,-1,-1,-1
75,3,550.45,130.80,30.20,98.98,1,-1,-1,-1
75,4,598.79,141.97,31.39,85.18,1,-1,-1,-1
76,1,662.54,147.99,26.08,78.28,1,-1,-1,-1
76,2,683.19,144.16,46.74,125.16,1,-1,-1,-1
76,3,552.17,130.27,30.66,99.98,1,-1,-1,-1
76,4,599.52,141.97,31.50,86.15,1,-1,-1,-1
77,1,665.14,148.02,26.64,79.00,1,-1,-1,-1
77,2,689.93,143.40,48.35,127.67,1,-1,-1,-1
77,3,553.94,128.77,30.84,100.97,1,-1,-1,-1
77,4,602.23,142.63,31.41,86.66,1,-1,-1,-1
78,1,668.29,148.03,27.29,79.74,1,-1,-1,-1
78,2,692.98,143.11,49.17,129.85,1,-1,-1,-1
78,3,555.89,128.85,31.06,102.10,1,-1,-1,-1
78,4,604.71,142.88,31.52,87.56,1,-1,-1,-1
79,1,671.43,148.03,27.97,80.50,1,-1,-1,-1
79,2,695.13,142.35,49.24,131.95,1,-1,-1,-1
79,3,557.12,128.88,31.25,103.29,1,-1,-1,-1
79,4,606.33,142.98,31.71,88.61,1,-1,-1,-1
80,1,674.00,148.03,28.71,81.26,1,-1,-1,-1
80,2,703.00,142.06,49.77,134.05,1,-1,-1,-1
80,3,558.26,128.90,31.47,104.53,1,-1,-1,-1
80,4,610.54,143.01,32.29,89.75,1,-1,-1,-1
81,1,675.48,148.68,29.44,82.08,1,-1,-1,-1
81,2,713.37,143.25,50.71,136.34,1,-1,-1,-1
81,3,559.88,128.92,31.68,105.80,1,-1,-1,-1
81,4,615.55,143.02,33.18,90.94,1,-1,-1,-1
82,1,677.81,148.93,29.92,82.93,1,-1,-1,-1
82,2,721.49,145.01,52.06,138.77,1,-1,-1,-1
82,3,560.88,128.93,32.03,107.12,1,-1,-1,-1
82,4,618.33,142.37,34.19,92.17,1,-1,-1,-1
83,1,680.36,149.02,30.10,83.75,1,-1,-1,-1
83,2,728.93,145.05,53.67,141.32,1,-1,-1,-1
83,3,562.14,128.28,32.47,108.41,1,-1,-1,-1
83,4,620.75,142.77,35.22,93.31,1,-1,-1,-1
84,1,682.85,148.39,30.60,84.58,1,-1,-1,-1
84,2,736.32,143.76,54.95,143.99,1,-1,-1,-1
84,3,562.68,128.04,33.16,109.70,1,-1,-1,-1
84,4,622.73,142.93,35.96,94.44,1,-1,-1,-1
85,1,684.45,148.15,31.35,85.41,1,-1,-1,-1
85,2,743.37,143.91,55.75,146.67,1,-1,-1,-1
85,3,562.71,127.95,34.04,111.02,1,-1,-1,-1
85,4,624.49,142.99,36.42,95.57,1,-1,-1,-1
86,1,687.51,148.06,31.86,86.26,1,-1,-1,-1
86,2,750.79,144.61,57.13,149.43,1,-1,-1,-1
86,3,564.07,127.93,34.97,112.37,1,-1,-1,-1
86,4,628.26,143.01,37.08,96.72,1,-1,-1,-1
87,1,691.03,148.02,32.10,87.12,1,-1,-1,-1
87,2,757.82,146.18,58.95,152.27,1,-1,-1,-1
87,3,567.07,127.92,35.83,113.63,1,-1,-1,-1
87,4,632.63,143.02,37.89,97.90,1,-1,-1,-1
88,1,694.70,148.01,32.73,88.05,1,-1,-1,-1
88,2,766.19,146.78,60.04,155.48,1,-1,-1,-1
88,3,570.92,127.93,36.61,115.17,1,-1,-1,-1
88,4,633.75,143.02,38.79,99.15,1,-1,-1,-1
89,1,697.55,148.00,33.68,89.02,1,-1,-1,-1
89,2,774.78,147.01,60.23,158.91,1,-1,-1,-1
89,3,574.98,127.93,37.21,116.84,1,-1,-1,-1
89,4,633.42,143.02,39.70,100.45,1,-1,-1,-1
90,1,700.96,148.00,34.36,90.01,1,-1,-1,-1
90,2,783.85,147.09,61.43,162.54,1,-1,-1,-1
90,3,578.61,127.94,37.91,118.61,1,-1,-1,-1
90,4,634.38,143.01,40.38,101.79,1,-1,-1,-1
91,1,703.88,148.00,34.74,91.03,1,-1,-1,-1
91,2,792.43,147.76,63.39,166.35,1,-1,-1,-1
91,3,581.25,127.94,38.63,120.45,1,-1,-1,-1
91,4,636.40,143.01,40.77,103.16,1,-1,-1,-1
92,1,707.04,148.00,35.19,92.07,1,-1,-1,-1
92,2,799.74,148.01,65.34,170.36,1,-1,-1,-1
92,3,584.86,127.95,39.17,122.34,1,-1,-1,-1
92,4,636.87,143.01,41.32,104.58,1,-1,-1,-1
93,1,710.16,148.00,35.65,93.10,1,-1,-1,-1
93,2,806.61,148.10,67.04,174.53,1,-1,-1,-1
93,3,588.12,127.96,39.40,123.98,1,-1,-1,-1
93,4,637.20,143.01,41.97,106.06,1,-1,-1,-1
94,1,714.17,148.00,36.22,94.13,1,-1,-1,-1
94,2,820.83,147.48,68.67,178.90,1,-1,-1,-1
94,3,588.87,127.96,39.91,125.53,1,-1,-1,-1
94,4,639.63,143.66,42.79,107.61,1,-1,-1,-1
95,1,719.02,148.65,36.84,95.18,1,-1,-1,-1
95,2,837.29,147.23,70.02,183.49,1,-1,-1,-1
95,3,588.47,128.61,40.64,127.07,1,-1,-1,-1
95,4,641.97,143.91,43.70,109.20,1,-1,-1,-1
96,1,722.90,148.90,37.32,96.25,1,-1,-1,-1
96,2,852.90,147.13,72.93,188.31,1,-1,-1,-1
96,3,589.31,128.87,41.53,128.65,1,-1,-1,-1
96,4,643.97,144.00,44.58,110.87,1,-1,-1,-1
97,1,726.31,148.99,37.61,97.34,1,-1,-1,-1
97,2,862.91,149.01,76.44,191.41,1,-1,-1,-1
97,3,590.46,128.97,42.52,130.25,1,-1,-1,-1
97,4,646.25,144.03,45.35,112.55,1,-1,-1,-1
98,1,732.21,149.68,38.19,98.51,1,-1,-1,-1
98,2,875.92,149.10,79.15,196.01,1,-1,-1,-1
98,3,594.34,129.00,43.23,132.10,1,-1,-1,-1
98,4,648.80,144.04,46.30,114.30,1,-1,-1,-1
99,1,738.13,149.94,38.97,99.71,1,-1,-1,-1
99,2,890.01,147.84,80.53,201.39,1,-1,-1,-1
99,3,599.19,129.01,43.60,134.10,1,-1,-1,-1
99,4,651.19,144.69,47.34,116.11,1,-1,-1,-1
100,1,743.06,150.68,39.83,100.95,1,-1,-1,-1
100,2,907.46,146.70,83.90,207.30,1,-1,-1,-1
100,3,604.39,129.02,43.83,136.19,1,-1,-1,-1
100,4,653.91,144.94,48.15,117.98,1,-1,-1,-1
101,1,744.73,150.31,40.71,102.34,1,-1,-1,-1
101,2,923.62,147.53,88.68,213.29,1,-1,-1,-1
101,3,610.24,129.02,43.87,138.35,1,-1,-1,-1
101,4,655.93,145.68,48.68,119.90,1,-1,-1,-1
102,1,748.02,149.51,41.70,103.81,1,-1,-1,-1
102,2,940.64,149.78,92.17,218.06,1,-1,-1,-1
102,3,613.57,129.02,44.32,140.59,1,-1,-1,-1
102,4,658.58,146.61,49.23,121.89,1,-1,-1,-1
103,1,753.03,149.20,42.62,105.13,1,-1,-1,-1
103,2,957.19,148.74,93.89,221.21,1,-1,-1,-1
103,3,615.69,129.02,45.01,142.57,1,-1,-1,-1
103,4,661.29,146.96,49.65,123.72,1,-1,-1,-1
104,1,758.34,149.08,43.38,106.40,1,-1,-1,-1
104,2,978.63,147.03,95.58,223.80,1,-1,-1,-1
104,3,616.27,129.66,46.29,144.46,1,-1,-1,-1
104,4,665.20,147.09,50.18,125.51,1,-1,-1,-1
105,1,762.97,149.68,43.98,107.68,1,-1,-1,-1
105,2,1000.73,144.42,97.00,226.29,1,-1,-1,-1
105,3,615.25,129.91,48.08,146.37,1,-1,-1,-1
105,4,670.00,147.12,50.75,127.33,1,-1,-1,-1
106,1,768.99,149.91,44.74,108.99,1,-1,-1,-1
106,2,1024.87,142.11,99.06,228.84,1,-1,-1,-1
106,3,615.98,130.65,49.64,148.30,1,-1,-1,-1
106,4,675.05,147.13,51.57,129.19,1,-1,-1,-1
107,1,775.32,150.00,45.60,110.31,1,-1,-1,-1
107,2,1039.27,139.29,101.23,231.31,1,-1,-1,-1
107,3,617.21,130.94,50.91,150.29,1,-1,-1,-1
107,4,679.90,147.12,52.55,131.10,1,-1,-1,-1
108,1,781.11,150.03,46.40,111.80,1,-1,-1,-1
108,2,1063.62,138.21,101.50,232.10,1,-1,-1,-1
108,3,619.30,131.04,52.32,152.98,1,-1,-1,-1
108,4,683.64,147.11,53.51,133.49,1,-1,-1,-1
109,1,787.08,150.04,47.01,113.38,1,-1,-1,-1
109,2,1088.68,137.82,99.88,232.22,1,-1,-1,-1
109,3,620.71,131.07,53.65,156.01,1,-1,-1,-1
109,4,686.62,147.10,54.25,136.13,1,-1,-1,-1
110,1,792.19,150.04,47.55,115.02,1,-1,-1,-1
110,2,1103.98,138.35,103.24,232.10,1,-1,-1,-1
110,3,624.60,131.08,54.45,159.25,1,-1,-1,-1
110,4,689.33,147.74,55.39,138.94,1,-1,-1,-1
111,1,797.37,150.04,47.94,116.72,1,-1,-1,-1
111,2,1118.60,139.24,103.29,230.96,1,-1,-1,-1
111,3,629.86,130.43,54.63,162.67,1,-1,-1,-1
111,4,692.10,147.98,56.78,141.90,1,-1,-1,-1
112,1,803.47,150.68,48.92,118.46,1,-1,-1,-1
112,2,1134.53,140.91,100.34,229.31,1,-1,-1,-1
112,3,634.30,130.18,55.46,166.25,1,-1,-1,-1
112,4,694.84,148.71,57.72,144.99,1,-1,-1,-1
113,1,810.18,150.93,50.32,120.17,1,-1,-1,-1
113,2,1150.95,140.71,101.14,231.15,1,-1,-1,-1
113,3,637.96,130.72,56.74,169.74,1,-1,-1,-1
113,4,698.58,148.99,58.01,147.95,1,-1,-1,-1
114,1,815.61,151.02,51.43,121.88,1,-1,-1,-1
114,3,640.09,130.93,58.32,173.30,1,-1,-1,-1
114,4,704.31,149.09,58.91,150.94,1,-1,-1,-1
115,1,820.31,151.70,52.18,123.64,1,-1,-1,-1
115,3,641.06,131.65,60.02,176.96,1,-1,-1,-1
115,4,711.01,149.12,60.30,153.99,1,-1,-1,-1
116,1,827.72,151.96,53.37,125.43,1,-1,-1,-1
116,3,642.70,131.93,61.80,180.77,1,-1,-1,-1
116,4,717.57,149.12,62.03,157.16,1,-1,-1,-1
117,1,835.75,152.05,54.86,127.28,1,-1,-1,-1
117,3,643.40,132.68,63.47,184.74,1,-1,-1,-1
117,4,724.25,149.12,63.94,160.46,1,-1,-1,-1
118,1,843.24,152.08,56.20,129.25,1,-1,-1,-1
118,3,648.26,132.32,64.83,188.94,1,-1,-1,-1
118,4,728.22,149.75,65.81,163.98,1,-1,-1,-1
119,1,850.84,152.09,57.27,131.31,1,-1,-1,-1
119,3,654.37,131.53,65.75,193.36,1,-1,-1,-1
119,4,731.35,149.99,67.47,167.68,1,-1,-1,-1
120,1,858.64,152.73,58.11,133.44,1,-1,-1,-1
120,3,662.86,130.57,66.21,198.00,1,-1,-1,-1
120,4,735.55,150.08,68.94,171.56,1,-1,-1,-1
121,1,866.85,152.97,58.61,135.65,1,-1,-1,-1
121,3,671.96,129.55,66.09,202.88,1,-1,-1,-1
121,4,738.55,150.75,69.90,175.09,1,-1,-1,-1
122,1,878.29,153.06,59.82,137.94,1,-1,-1,-1
122,3,679.97,128.51,66.93,208.00,1,-1,-1,-1
122,4,743.29,151.00,71.01,179.69,1,-1,-1,-1
123,1,890.47,153.74,61.51,140.11,1,-1,-1,-1
123,3,685.63,128.11,68.54,213.38,1,-1,-1,-1
123,4,747.62,151.74,71.71,184.39,1,-1,-1,-1
124,1,899.36,154.64,62.72,142.29,1,-1,-1,-1
124,3,688.98,127.32,70.68,219.05,1,-1,-1,-1
124,4,753.26,152.66,73.21,189.30,1,-1,-1,-1
125,1,907.92,154.98,63.49,144.82,1,-1,-1,-1
125,3,690.15,126.37,73.15,225.02,1,-1,-1,-1
125,4,758.64,153.65,75.28,194.46,1,-1,-1,-1
126,1,920.79,155.10,64.83,147.56,1,-1,-1,-1
126,3,692.49,125.37,76.21,231.32,1,-1,-1,-1
126,4,767.65,152.74,77.65,199.85,1,-1,-1,-1
127,1,934.73,155.14,66.52,150.46,1,-1,-1,-1
127,3,695.15,124.99,79.62,237.98,1,-1,-1,-1
127,4,776.63,150.45,80.08,205.53,1,-1,-1,-1
128,1,947.47,154.49,69.54,155.99,1,-1,-1,-1
128,3,701.61,124.22,82.56,244.03,1,-1,-1,-1
128,4,782.03,147.62,82.46,211.52,1,-1,-1,-1
129,1,959.70,154.24,71.86,160.01,1,-1,-1,-1
129,3,709.90,123.92,83.94,246.61,1,-1,-1,-1
129,4,785.19,147.15,84.55,217.96,1,-1,-1,-1
130,1,971.08,154.13,73.68,163.49,1,-1,-1,-1
130,3,721.00,123.18,84.27,247.83,1,-1,-1,-1
130,4,794.38,147.61,85.64,221.47,1,-1,-1,-1
131,1,981.74,154.73,75.03,166.83,1,-1,-1,-1
131,3,732.47,122.26,83.60,248.55,1,-1,-1,-1
131,4,806.02,148.45,85.55,222.11,1,-1,-1,-1
132,1,996.07,154.96,77.11,170.18,1,-1,-1,-1
132,3,743.03,121.92,83.72,249.11,1,-1,-1,-1
132,4,820.32,149.43,86.22,221.57,1,-1,-1,-1
133,1,1005.11,156.33,79.47,172.67,1,-1,-1,-1
133,3,751.32,119.85,84.77,251.24,1,-1,-1,-1
133,4,835.57,149.16,87.85,221.60,1,-1,-1,-1
134,1,1018.18,153.63,81.93,176.18,1,-1,-1,-1
134,3,761.28,116.47,86.46,254.14,1,-1,-1,-1
134,4,850.71,149.05,90.39,221.90,1,-1,-1,-1
135,1,1030.91,153.87,83.95,179.98,1,-1,-1,-1
135,3,770.06,113.24,88.31,257.49,1,-1,-1,-1
135,4,863.86,148.36,93.34,222.34,1,-1,-1,-1
136,1,1047.57,155.25,86.69,184.00,1,-1,-1,-1
136,3,777.13,109.43,91.18,261.18,1,-1,-1,-1
136,4,882.54,147.44,96.40,222.87,1,-1,-1,-1
137,1,1064.91,157.72,89.86,188.23,1,-1,-1,-1
137,3,781.44,104.76,94.57,265.19,1,-1,-1,-1
137,4,899.36,147.09,99.07,223.40,1,-1,-1,-1
138,1,1081.02,158.03,92.24,192.59,1,-1,-1,-1
138,3,793.21,103.01,98.07,266.91,1,-1,-1,-1
138,4,912.45,146.97,101.29,223.57,1,-1,-1,-1
139,1,1096.04,157.50,93.65,197.14,1,-1,-1,-1
139,3,804.97,102.40,101.58,267.75,1,-1,-1,-1
139,4,922.63,146.27,102.66,223.61,1,-1,-1,-1
140,1,1109.78,156.63,95.35,201.90,1,-1,-1,-1
140,3,825.29,101.57,108.69,268.29,1,-1,-1,-1
140,4,951.67,146.01,108.03,223.61,1,-1,-1,-1
141,1,1122.19,156.29,94.92,205.22,1,-1,-1,-1
141,3,839.82,100.66,115.92,268.74,1,-1,-1,-1
141,4,975.70,145.92,113.68,223.61,1,-1,-1,-1
142,1,1138.48,155.50,93.69,207.13,1,-1,-1,-1
142,3,853.57,100.37,123.36,269.20,1,-1,-1,-1
142,4,999.23,145.90,119.67,223.62,1,-1,-1,-1
143,1,1151.27,155.54,95.20,210.47,1,-1,-1,-1
143,3,867.85,100.32,130.74,268.91,1,-1,-1,-1
143,4,1021.11,146.55,125.57,222.87,1,-1,-1,-1
144,3,883.28,101.00,138.31,268.28,1,-1,-1,-1
144,4,1043.82,147.47,131.62,221.77,1,-1,-1,-1
145,3,900.74,101.31,146.41,267.80,1,-1,-1,-1
145,4,1062.07,149.14,136.02,220.43,1,-1,-1,-1
