3,1,572.43,84.00,61.52,195.19,1,-1,-1,-1
3,2,511.18,111.00,36.50,122.14,1,-1,-1,-1
3,3,461.78,89.00,64.60,235.81,1,-1,-1,-1
3,4,361.63,82.00,72.70,245.41,1,-1,-1,-1
3,5,184.08,96.00,35.45,154.51,1,-1,-1,-1
3,6,187.12,95.00,75.55,226.24,1,-1,-1,-1
3,7,80.82,99.78,61.08,218.56,1,-1,-1,-1
4,1,569.60,84.00,61.44,194.93,1,-1,-1,-1
4,2,510.13,111.00,36.49,122.13,1,-1,-1,-1
4,3,464.75,89.00,64.48,235.27,1,-1,-1,-1
4,4,364.52,82.00,72.54,244.88,1,-1,-1,-1
4,5,184.13,96.00,35.47,154.52,1,-1,-1,-1
4,6,191.22,95.00,75.36,225.71,1,-1,-1,-1
4,7,75.90,100.02,61.08,218.56,1,-1,-1,-1
5,1,566.55,84.00,61.36,194.67,1,-1,-1,-1
5,2,508.34,111.00,36.49,122.13,1,-1,-1,-1
5,3,467.94,89.00,64.37,234.71,1,-1,-1,-1
5,4,367.60,82.00,72.38,244.32,1,-1,-1,-1
5,5,184.18,96.00,35.49,154.53,1,-1,-1,-1
5,6,195.36,95.00,75.17,225.15,1,-1,-1,-1
5,7,70.02,100.82,61.08,218.56,1,-1,-1,-1
6,1,564.19,84.00,61.28,194.40,1,-1,-1,-1
6,2,507.06,111.00,36.48,122.12,1,-1,-1,-1
6,3,471.14,89.00,64.27,234.14,1,-1,-1,-1
6,4,370.69,82.00,72.22,243.76,1,-1,-1,-1
6,5,184.23,96.00,35.52,154.53,1,-1,-1,-1
6,6,199.45,95.00,74.97,224.59,1,-1,-1,-1
6,7,64.62,101.07,61.08,218.56,1,-1,-1,-1
7,1,561.38,84.00,61.21,194.13,1,-1,-1,-1
7,2,505.95,111.70,36.47,122.11,1,-1,-1,-1
7,3,473.62,89.70,64.20,233.57,1,-1,-1,-1
7,4,373.77,82.00,72.06,243.19,1,-1,-1,-1
7,5,184.27,96.00,35.55,154.54,1,-1,-1,-1
7,6,203.51,95.00,74.76,224.03,1,-1,-1,-1
7,7,59.43,101.14,61.08,218.56,1,-1,-1,-1
8,1,558.41,84.69,61.14,193.86,1,-1,-1,-1
8,2,504.22,111.95,36.46,122.11,1,-1,-1,-1
8,3,476.52,89.95,64.15,233.01,1,-1,-1,-1
8,4,376.83,82.00,71.91,242.63,1,-1,-1,-1
8,5,184.31,96.00,35.60,154.55,1,-1,-1,-1
8,6,207.56,95.00,74.55,223.48,1,-1,-1,-1
8,7,53.64,101.84,61.08,218.56,1,-1,-1,-1
8,8,614.70,108.00,24.12,127.07,1,-1,-1,-1
9,1,555.39,84.94,61.07,193.60,1,-1,-1,-1
9,2,502.96,112.03,36.44,122.10,1,-1,-1,-1
9,3,479.56,90.03,64.12,232.45,1,-1,-1,-1
9,4,379.89,82.00,71.76,242.07,1,-1,-1,-1
9,5,183.66,96.00,35.65,154.56,1,-1,-1,-1
9,6,211.58,95.00,74.33,222.92,1,-1,-1,-1
9,7,48.32,102.07,61.08,218.56,1,-1,-1,-1
9,8,613.48,108.00,24.31,127.12,1,-1,-1,-1
10,1,553.04,85.03,61.00,193.33,1,-1,-1,-1
10,2,501.86,112.06,36.43,122.10,1,-1,-1,-1
10,3,482.65,90.06,64.11,231.88,1,-1,-1,-1
10,4,382.93,82.00,71.61,241.52,1,-1,-1,-1
10,5,183.44,96.00,35.71,154.57,1,-1,-1,-1
10,6,215.60,95.00,74.11,222.36,1,-1,-1,-1
10,7,43.19,102.82,61.08,218.56,1,-1,-1,-1
10,8,612.22,108.00,24.61,127.18,1,-1,-1,-1
11,1,550.26,85.05,60.93,193.06,1,-1,-1,-1
11,2,500.16,112.06,36.41,122.09,1,-1,-1,-1
11,3,485.74,90.06,64.12,231.33,1,-1,-1,-1
11,4,385.96,82.00,71.47,240.97,1,-1,-1,-1
11,5,183.38,96.00,35.78,154.57,1,-1,-1,-1
11,6,219.61,95.00,73.89,221.81,1,-1,-1,-1
11,7,37.46,103.08,61.08,218.56,1,-1,-1,-1
11,8,610.91,107.28,25.04,127.23,1,-1,-1,-1
12,1,547.33,85.06,60.87,192.80,1,-1,-1,-1
12,2,498.90,112.06,36.39,122.08,1,-1,-1,-1
12,3,488.15,90.06,64.14,230.77,1,-1,-1,-1
12,4,388.99,82.00,71.32,240.41,1,-1,-1,-1
12,5,183.38,96.00,35.86,154.58,1,-1,-1,-1
12,6,223.62,95.00,73.66,221.25,1,-1,-1,-1
12,7,32.23,103.16,61.09,218.55,1,-1,-1,-1
12,8,610.25,107.04,25.60,127.29,1,-1,-1,-1
13,1,545.00,85.05,60.81,192.54,1,-1,-1,-1
13,2,497.81,112.05,36.37,122.08,1,-1,-1,-1
13,3,490.97,90.05,64.18,230.21,1,-1,-1,-1
13,4,392.68,82.00,71.18,239.86,1,-1,-1,-1
13,5,183.39,96.00,35.94,154.59,1,-1,-1,-1
13,6,227.63,95.00,73.44,220.70,1,-1,-1,-1
13,7,26.63,103.84,61.14,218.54,1,-1,-1,-1
13,8,609.08,106.96,26.31,127.35,1,-1,-1,-1
14,1,542.24,85.05,60.75,192.27,1,-1,-1,-1
14,2,496.12,112.04,36.35,122.07,1,-1,-1,-1
14,3,493.95,90.04,64.23,229.65,1,-1,-1,-1
14,4,395.95,82.00,71.04,239.30,1,-1,-1,-1
14,5,183.41,96.00,36.03,154.60,1,-1,-1,-1
14,6,231.64,95.00,73.20,220.15,1,-1,-1,-1
14,7,21.12,104.08,61.30,218.50,1,-1,-1,-1
14,8,607.66,106.93,27.14,127.40,1,-1,-1,-1
15,1,539.31,85.04,60.69,192.01,1,-1,-1,-1
15,2,494.87,112.04,36.32,122.07,1,-1,-1,-1
15,3,496.97,90.04,64.29,229.09,1,-1,-1,-1
15,4,399.05,82.00,70.90,238.75,1,-1,-1,-1
15,5,183.43,96.00,36.12,154.61,1,-1,-1,-1
15,6,236.31,95.00,72.97,219.60,1,-1,-1,-1
15,7,15.96,104.82,61.67,218.42,1,-1,-1,-1
15,8,606.06,106.93,28.09,127.45,1,-1,-1,-1
16,1,536.33,85.04,60.63,191.75,1,-1,-1,-1
16,2,493.12,112.03,36.30,122.06,1,-1,-1,-1
16,3,500.01,90.03,64.36,228.54,1,-1,-1,-1
16,4,402.10,82.00,70.76,238.20,1,-1,-1,-1
16,5,183.45,96.00,36.21,154.61,1,-1,-1,-1
16,6,240.57,95.00,72.74,219.05,1,-1,-1,-1
16,7,10.48,105.08,62.30,218.31,1,-1,-1,-1
16,8,604.28,106.94,29.11,127.49,1,-1,-1,-1
17,1,533.98,85.70,60.57,191.48,1,-1,-1,-1
17,2,491.85,112.69,36.28,122.06,1,-1,-1,-1
17,3,502.39,90.03,64.44,227.98,1,-1,-1,-1
17,4,405.11,82.67,70.62,237.65,1,-1,-1,-1
17,5,183.46,96.00,36.31,154.62,1,-1,-1,-1
17,6,244.66,95.00,72.50,218.50,1,-1,-1,-1
17,7,4.73,105.16,63.17,218.19,1,-1,-1,-1
17,8,602.96,107.61,30.17,127.53,1,-1,-1,-1
18,1,531.22,85.94,60.52,191.21,1,-1,-1,-1
18,2,490.76,112.94,36.26,122.09,1,-1,-1,-1
18,3,505.18,90.03,64.52,227.42,1,-1,-1,-1
18,4,408.12,82.91,70.49,237.10,1,-1,-1,-1
18,5,183.47,96.00,36.42,154.63,1,-1,-1,-1
18,6,248.69,95.00,72.26,217.95,1,-1,-1,-1
18,7,3.66,105.84,64.14,218.13,1,-1,-1,-1
18,8,601.03,107.87,31.21,127.54,1,-1,-1,-1
19,1,528.29,86.03,60.46,190.95,1,-1,-1,-1
19,2,489.08,113.03,36.26,122.15,1,-1,-1,-1
19,3,508.13,90.02,64.62,226.87,1,-1,-1,-1
19,4,411.13,83.00,70.35,236.55,1,-1,-1,-1
19,5,183.48,96.00,36.52,154.64,1,-1,-1,-1
19,6,252.70,95.00,72.02,217.40,1,-1,-1,-1
19,7,-0.37,106.08,64.98,218.18,1,-1,-1,-1
19,8,599.45,107.97,32.21,127.56,1,-1,-1,-1
20,1,525.97,86.06,60.41,190.69,1,-1,-1,-1
20,2,487.18,113.05,36.27,122.27,1,-1,-1,-1
20,3,511.13,90.02,64.71,226.32,1,-1,-1,-1
20,4,414.13,83.03,70.21,236.00,1,-1,-1,-1
20,5,183.49,96.00,36.63,154.65,1,-1,-1,-1
20,6,256.70,95.00,71.78,216.85,1,-1,-1,-1
20,7,-4.94,106.16,65.46,218.37,1,-1,-1,-1
20,8,597.31,108.67,33.16,127.57,1,-1,-1,-1
21,1,523.21,86.06,60.36,190.43,1,-1,-1,-1
21,2,485.19,112.40,36.30,122.45,1,-1,-1,-1
21,3,514.15,90.02,64.81,225.76,1,-1,-1,-1
21,4,417.14,83.04,70.08,235.45,1,-1,-1,-1
21,5,183.50,96.00,36.74,154.65,1,-1,-1,-1
21,6,260.70,95.00,71.53,216.30,1,-1,-1,-1
21,7,-9.49,106.17,65.45,218.69,1,-1,-1,-1
21,8,595.62,108.93,34.03,127.60,1,-1,-1,-1
22,1,515.77,88.71,67.29,213.38,1,-1,-1,-1
22,2,483.18,112.15,36.36,122.69,1,-1,-1,-1
22,3,520.71,87.36,58.57,201.95,1,-1,-1,-1
22,4,420.14,83.04,69.95,234.90,1,-1,-1,-1
22,5,183.51,96.00,36.85,154.66,1,-1,-1,-1
22,6,264.70,95.00,71.29,215.75,1,-1,-1,-1
22,7,-6.65,106.16,64.93,219.07,1,-1,-1,-1
22,8,594.10,109.02,34.85,127.64,1,-1,-1,-1
23,1,515.14,89.67,69.51,221.37,1,-1,-1,-1
23,2,481.17,112.05,36.42,122.96,1,-1,-1,-1
23,3,520.81,86.33,56.38,192.61,1,-1,-1,-1
23,4,423.14,83.04,69.81,234.35,1,-1,-1,-1
23,5,183.51,96.00,36.96,154.67,1,-1,-1,-1
23,6,268.70,95.00,71.04,215.20,1,-1,-1,-1
23,7,-10.35,106.44,64.95,219.14,1,-1,-1,-1
23,8,593.33,109.05,35.60,127.72,1,-1,-1,-1
24,1,517.12,90.04,70.14,224.16,1,-1,-1,-1
24,2,479.15,112.01,36.49,123.25,1,-1,-1,-1
24,3,519.23,85.99,55.89,189.33,1,-1,-1,-1
24,4,426.14,83.03,69.68,233.79,1,-1,-1,-1
24,5,183.52,96.00,37.07,154.68,1,-1,-1,-1
24,6,272.69,95.00,70.80,214.64,1,-1,-1,-1
24,8,592.85,109.06,36.28,127.81,1,-1,-1,-1
25,1,520.12,90.17,70.14,224.78,1,-1,-1,-1
25,2,477.13,112.00,36.57,123.56,1,-1,-1,-1
25,3,516.41,85.88,55.96,188.13,1,-1,-1,-1
25,4,429.14,83.03,69.55,233.25,1,-1,-1,-1
25,5,183.52,96.00,37.18,154.69,1,-1,-1,-1
25,6,276.69,95.00,70.56,214.10,1,-1,-1,-1
25,8,592.50,109.05,36.91,127.92,1,-1,-1,-1
26,1,523.46,90.21,69.92,224.55,1,-1,-1,-1
26,2,475.11,111.34,36.65,123.86,1,-1,-1,-1
26,3,513.16,85.85,56.20,187.66,1,-1,-1,-1
26,4,432.14,83.03,69.41,232.70,1,-1,-1,-1
26,5,183.53,96.00,37.30,154.69,1,-1,-1,-1
26,6,281.35,95.00,70.31,213.55,1,-1,-1,-1
26,8,591.54,109.05,37.47,128.03,1,-1,-1,-1
27,1,526.25,90.20,69.65,224.00,1,-1,-1,-1
27,2,473.10,111.09,36.72,124.16,1,-1,-1,-1
27,3,510.47,86.53,56.50,187.45,1,-1,-1,-1
27,4,435.15,83.02,69.28,232.15,1,-1,-1,-1
27,5,183.53,96.00,37.41,154.70,1,-1,-1,-1
27,6,285.60,95.00,70.06,213.00,1,-1,-1,-1
27,8,591.03,109.04,37.98,128.14,1,-1,-1,-1
28,1,529.44,90.19,69.38,223.34,1,-1,-1,-1
28,2,471.09,110.99,36.81,124.47,1,-1,-1,-1
28,3,507.33,86.79,56.78,187.32,1,-1,-1,-1
28,4,438.15,83.02,69.14,231.60,1,-1,-1,-1
28,5,183.54,96.00,37.53,154.71,1,-1,-1,-1
28,6,289.69,95.00,69.82,212.45,1,-1,-1,-1
28,8,590.71,109.04,38.43,128.26,1,-1,-1,-1
29,1,532.77,90.17,69.13,222.65,1,-1,-1,-1
29,2,469.08,110.96,36.89,124.77,1,-1,-1,-1
29,3,504.06,86.89,57.04,187.20,1,-1,-1,-1
29,4,441.15,83.02,69.01,231.04,1,-1,-1,-1
29,5,183.54,96.00,37.65,154.72,1,-1,-1,-1
29,6,293.72,95.00,69.57,211.90,1,-1,-1,-1
29,8,590.47,109.04,38.84,128.38,1,-1,-1,-1
30,1,536.12,90.81,68.91,221.95,1,-1,-1,-1
30,2,466.42,110.30,36.97,125.07,1,-1,-1,-1
30,3,500.77,86.94,57.27,187.07,1,-1,-1,-1
30,4,444.15,83.02,68.88,230.50,1,-1,-1,-1
30,5,183.54,96.00,37.76,154.73,1,-1,-1,-1
30,6,297.72,95.00,69.32,211.35,1,-1,-1,-1
30,8,590.27,109.03,39.19,128.49,1,-1,-1,-1
31,1,539.46,91.04,68.73,221.26,1,-1,-1,-1
31,2,464.16,110.05,37.05,125.37,1,-1,-1,-1
31,3,498.16,86.95,57.48,186.93,1,-1,-1,-1
31,4,447.15,83.01,68.75,229.94,1,-1,-1,-1
31,5,183.54,96.00,37.88,154.73,1,-1,-1,-1
31,6,301.72,95.00,69.08,210.80,1,-1,-1,-1
31,8,590.09,109.03,39.51,128.61,1,-1,-1,-1
32,1,542.12,91.12,68.57,220.58,1,-1,-1,-1
32,2,462.06,109.96,37.14,125.67,1,-1,-1,-1
32,3,495.15,86.96,57.66,186.77,1,-1,-1,-1
32,4,450.15,83.68,68.61,229.40,1,-1,-1,-1
32,5,183.55,96.00,38.00,154.74,1,-1,-1,-1
32,6,305.72,95.00,68.83,210.25,1,-1,-1,-1
32,8,589.94,109.02,39.79,128.72,1,-1,-1,-1
33,1,545.16,91.13,68.45,219.92,1,-1,-1,-1
33,2,460.02,109.93,37.22,125.97,1,-1,-1,-1
33,3,492.02,86.97,57.82,186.60,1,-1,-1,-1
33,4,453.15,83.92,68.48,228.84,1,-1,-1,-1
33,5,183.55,96.00,38.11,154.75,1,-1,-1,-1
33,6,309.71,95.00,68.58,209.70,1,-1,-1,-1
33,8,589.79,109.02,40.04,128.84,1,-1,-1,-1
34,1,548.32,91.13,68.34,219.27,1,-1,-1,-1
34,2,458.01,109.27,37.31,126.27,1,-1,-1,-1
34,3,489.51,86.97,57.96,186.42,1,-1,-1,-1
34,4,456.15,84.01,68.35,228.29,1,-1,-1,-1
34,5,182.89,96.00,38.23,154.76,1,-1,-1,-1
34,6,313.71,95.00,68.34,209.16,1,-1,-1,-1
34,8,589.67,109.02,40.25,128.96,1,-1,-1,-1
35,1,551.52,91.12,68.26,218.62,1,-1,-1,-1
35,2,456.01,109.02,37.39,126.56,1,-1,-1,-1
35,3,486.58,86.98,58.08,186.23,1,-1,-1,-1
35,4,459.15,84.04,68.22,227.75,1,-1,-1,-1
35,5,182.64,96.00,38.35,154.77,1,-1,-1,-1
35,6,317.70,95.00,68.09,208.61,1,-1,-1,-1
35,8,589.55,109.02,40.44,129.08,1,-1,-1,-1
36,1,554.72,91.11,68.20,217.99,1,-1,-1,-1
36,2,454.00,108.94,37.48,126.86,1,-1,-1,-1
36,3,483.51,86.98,58.18,186.03,1,-1,-1,-1
36,4,462.82,84.05,68.09,227.20,1,-1,-1,-1
36,5,182.55,96.00,38.47,154.77,1,-1,-1,-1
36,6,321.70,95.00,67.84,208.06,1,-1,-1,-1
36,8,589.44,109.01,40.59,129.19,1,-1,-1,-1
37,1,557.24,91.10,68.16,217.37,1,-1,-1,-1
37,2,451.34,108.91,37.56,127.16,1,-1,-1,-1
37,3,480.40,87.65,58.27,185.82,1,-1,-1,-1
37,4,466.07,84.05,67.95,226.65,1,-1,-1,-1
37,5,182.52,96.00,38.59,154.78,1,-1,-1,-1
37,6,326.36,95.00,67.59,207.51,1,-1,-1,-1
37,8,589.35,109.01,40.73,129.30,1,-1,-1,-1
38,1,560.15,91.08,68.14,216.76,1,-1,-1,-1
38,2,449.10,108.25,37.65,127.45,1,-1,-1,-1
38,3,477.94,87.90,58.34,185.61,1,-1,-1,-1
38,4,469.16,84.04,67.82,226.10,1,-1,-1,-1
38,5,182.51,96.00,38.71,154.79,1,-1,-1,-1
38,6,330.60,95.00,67.35,206.96,1,-1,-1,-1
38,8,589.26,109.01,40.84,129.42,1,-1,-1,-1
39,1,563.17,91.07,68.11,216.15,1,-1,-1,-1
39,2,447.01,108.01,37.73,127.73,1,-1,-1,-1
39,3,475.07,87.99,58.40,185.39,1,-1,-1,-1
39,4,472.19,84.04,67.69,225.55,1,-1,-1,-1
39,5,182.51,96.00,38.83,154.80,1,-1,-1,-1
39,6,334.69,95.00,67.10,206.41,1,-1,-1,-1
39,8,588.52,109.01,40.94,129.53,1,-1,-1,-1
40,1,566.16,91.06,68.07,215.56,1,-1,-1,-1
40,2,444.97,107.93,37.81,128.00,1,-1,-1,-1
40,3,472.05,88.02,58.45,185.16,1,-1,-1,-1
40,4,475.19,84.03,67.56,225.00,1,-1,-1,-1
40,5,182.52,96.00,38.95,154.81,1,-1,-1,-1
40,6,338.72,95.00,66.85,205.86,1,-1,-1,-1
40,8,588.19,108.35,41.01,129.65,1,-1,-1,-1
41,1,569.01,91.06,67.97,214.99,1,-1,-1,-1
41,2,443.62,107.90,37.88,128.23,1,-1,-1,-1
41,3,469.65,88.03,58.49,184.93,1,-1,-1,-1
41,4,478.19,84.03,67.42,224.45,1,-1,-1,-1
41,5,182.52,96.00,39.06,154.81,1,-1,-1,-1
41,6,342.72,95.00,66.60,205.31,1,-1,-1,-1
41,8,588.04,108.10,41.07,129.77,1,-1,-1,-1
42,1,570.97,91.05,67.77,214.44,1,-1,-1,-1
42,2,441.87,107.90,37.94,128.44,1,-1,-1,-1
42,3,466.82,88.03,58.52,184.70,1,-1,-1,-1
42,4,481.19,84.03,67.29,223.90,1,-1,-1,-1
42,5,182.53,96.00,39.18,154.82,1,-1,-1,-1
42,6,346.72,95.00,66.36,204.76,1,-1,-1,-1
42,8,587.95,108.01,41.12,129.88,1,-1,-1,-1
43,1,573.13,91.04,67.40,213.92,1,-1,-1,-1
43,2,439.96,107.25,37.99,128.62,1,-1,-1,-1
43,3,463.83,88.03,58.55,184.46,1,-1,-1,-1
43,4,484.19,84.02,67.16,223.35,1,-1,-1,-1
43,5,182.53,96.00,39.30,154.83,1,-1,-1,-1
43,6,350.71,95.00,66.11,204.21,1,-1,-1,-1
43,8,587.88,107.97,41.15,129.99,1,-1,-1,-1
44,1,575.27,91.04,66.86,213.43,1,-1,-1,-1
44,2,438.65,107.01,38.03,128.78,1,-1,-1,-1
44,3,461.46,88.03,58.56,184.22,1,-1,-1,-1
44,4,487.19,84.02,67.03,222.80,1,-1,-1,-1
44,5,182.53,96.00,39.42,154.84,1,-1,-1,-1
44,6,354.71,95.00,65.86,203.67,1,-1,-1,-1
44,8,587.83,107.97,41.17,130.11,1,-1,-1,-1
45,1,577.38,91.03,66.12,212.95,1,-1,-1,-1
45,2,436.91,106.93,38.07,128.93,1,-1,-1,-1
45,3,458.65,88.02,58.57,183.97,1,-1,-1,-1
45,4,490.18,84.02,66.90,222.25,1,-1,-1,-1
45,5,182.54,96.00,39.54,154.85,1,-1,-1,-1
45,6,358.70,95.00,65.61,203.12,1,-1,-1,-1
45,8,587.79,107.97,41.18,130.22,1,-1,-1,-1
46,1,578.85,91.03,65.20,212.48,1,-1,-1,-1
46,2,435.66,106.90,38.11,129.08,1,-1,-1,-1
46,3,455.68,88.02,58.58,183.73,1,-1,-1,-1
46,4,493.18,84.02,66.76,221.71,1,-1,-1,-1
46,5,182.54,96.00,39.66,154.85,1,-1,-1,-1
46,6,362.70,95.00,65.37,202.57,1,-1,-1,-1
46,8,587.75,107.97,41.18,130.34,1,-1,-1,-1
47,1,580.77,91.03,64.11,212.01,1,-1,-1,-1
47,2,433.93,106.90,38.15,129.23,1,-1,-1,-1
47,3,452.66,88.68,58.58,183.49,1,-1,-1,-1
47,4,496.18,84.01,66.63,221.16,1,-1,-1,-1
47,5,182.54,96.00,39.78,154.86,1,-1,-1,-1
47,6,366.69,95.00,65.12,202.02,1,-1,-1,-1
47,8,587.72,107.97,41.17,130.45,1,-1,-1,-1
48,1,582.93,91.02,62.87,211.55,1,-1,-1,-1
48,2,432.69,106.91,38.19,129.38,1,-1,-1,-1
48,3,450.28,88.93,58.57,183.24,1,-1,-1,-1
48,4,499.18,84.67,66.50,220.60,1,-1,-1,-1
48,5,182.54,96.00,39.90,154.87,1,-1,-1,-1
48,6,371.35,95.00,64.87,201.47,1,-1,-1,-1
48,8,587.69,107.97,41.16,130.57,1,-1,-1,-1
49,1,584.54,91.02,61.48,211.09,1,-1,-1,-1
49,2,430.97,106.92,38.23,129.53,1,-1,-1,-1
49,3,447.48,89.02,58.56,182.99,1,-1,-1,-1
49,4,502.17,84.92,66.37,220.06,1,-1,-1,-1
49,5,182.55,96.00,40.02,154.88,1,-1,-1,-1
49,6,375.60,95.00,64.62,200.92,1,-1,-1,-1
49,8,587.66,107.98,41.13,130.68,1,-1,-1,-1
50,1,586.66,91.02,59.98,210.63,1,-1,-1,-1
50,2,429.72,106.93,38.26,129.68,1,-1,-1,-1
50,3,444.53,89.04,58.54,182.73,1,-1,-1,-1
50,4,505.17,85.01,66.23,219.50,1,-1,-1,-1
50,5,182.55,96.00,40.14,154.89,1,-1,-1,-1
50,6,379.68,95.00,64.37,200.37,1,-1,-1,-1
50,8,587.64,107.98,41.10,130.80,1,-1,-1,-1
51,1,589.00,91.02,58.36,210.17,1,-1,-1,-1
51,2,427.99,106.94,38.30,129.82,1,-1,-1,-1
51,3,442.18,89.05,58.52,182.48,1,-1,-1,-1
51,4,508.17,85.04,66.10,218.96,1,-1,-1,-1
51,5,182.55,96.00,40.26,154.89,1,-1,-1,-1
51,6,383.71,95.00,64.12,199.82,1,-1,-1,-1
51,8,586.95,107.98,41.06,130.91,1,-1,-1,-1
52,1,591.46,91.01,56.63,209.71,1,-1,-1,-1
52,2,426.74,106.94,38.34,129.97,1,-1,-1,-1
52,3,439.40,89.05,58.50,182.22,1,-1,-1,-1
52,4,511.17,85.05,65.97,218.41,1,-1,-1,-1
52,5,182.55,96.00,40.38,154.90,1,-1,-1,-1
52,6,387.71,95.00,63.88,199.27,1,-1,-1,-1
52,8,586.68,107.98,41.02,131.02,1,-1,-1,-1
53,1,593.32,91.01,54.82,209.26,1,-1,-1,-1
53,2,425.01,106.95,38.37,130.12,1,-1,-1,-1
53,3,436.46,89.05,58.48,181.97,1,-1,-1,-1
53,4,514.17,85.05,65.84,217.85,1,-1,-1,-1
53,5,182.55,96.00,40.50,154.91,1,-1,-1,-1
53,6,391.71,95.00,63.63,198.72,1,-1,-1,-1
53,8,586.57,107.99,40.97,131.14,1,-1,-1,-1
54,1,595.65,91.01,52.92,208.80,1,-1,-1,-1
54,2,423.76,106.96,38.41,130.27,1,-1,-1,-1
54,3,433.46,89.04,58.45,181.71,1,-1,-1,-1
54,4,517.17,85.04,65.71,217.31,1,-1,-1,-1
54,5,182.55,96.00,40.62,154.92,1,-1,-1,-1
54,6,395.71,95.00,63.38,198.18,1,-1,-1,-1
54,8,586.53,107.99,40.92,131.25,1,-1,-1,-1
55,1,598.18,91.01,50.95,208.35,1,-1,-1,-1
55,2,422.03,106.96,38.45,130.42,1,-1,-1,-1
55,3,431.10,89.04,58.42,181.46,1,-1,-1,-1
55,4,520.17,85.04,65.57,216.75,1,-1,-1,-1
55,5,182.55,96.00,40.74,154.93,1,-1,-1,-1
55,6,399.04,95.00,63.14,197.63,1,-1,-1,-1
55,8,586.50,107.99,40.87,131.37,1,-1,-1,-1
56,1,600.80,91.01,48.91,207.90,1,-1,-1,-1
56,2,420.77,106.31,38.48,130.57,1,-1,-1,-1
56,3,428.32,89.03,58.39,181.20,1,-1,-1,-1
56,4,523.17,85.03,65.44,216.21,1,-1,-1,-1
56,5,182.55,96.00,40.86,154.93,1,-1,-1,-1
56,6,402.78,95.00,62.89,197.08,1,-1,-1,-1
56,8,586.49,107.99,40.81,131.48,1,-1,-1,-1
57,1,602.82,91.01,46.81,207.45,1,-1,-1,-1
57,2,419.04,106.06,38.52,130.72,1,-1,-1,-1
57,3,425.39,89.69,58.35,180.94,1,-1,-1,-1
57,4,526.17,85.03,65.31,215.66,1,-1,-1,-1
57,5,182.56,96.00,40.98,154.94,1,-1,-1,-1
57,6,406.69,95.00,62.64,196.53,1,-1,-1,-1
57,8,586.50,107.33,40.75,131.59,1,-1,-1,-1
58,1,605.30,91.01,44.65,207.00,1,-1,-1,-1
58,2,417.78,105.97,38.55,130.87,1,-1,-1,-1
58,3,423.06,89.94,58.32,180.68,1,-1,-1,-1
58,4,529.17,85.03,65.18,215.11,1,-1,-1,-1
58,5,182.56,96.00,41.10,154.95,1,-1,-1,-1
58,6,409.99,95.00,62.39,195.98,1,-1,-1,-1
58,8,585.86,107.08,40.70,131.71,1,-1,-1,-1
59,1,607.98,91.01,42.46,206.56,1,-1,-1,-1
59,2,416.05,105.94,38.59,131.02,1,-1,-1,-1
59,3,420.29,90.02,58.28,180.42,1,-1,-1,-1
59,4,532.83,85.02,65.05,214.56,1,-1,-1,-1
59,5,182.56,96.00,41.22,154.96,1,-1,-1,-1
59,6,413.73,95.00,62.15,195.43,1,-1,-1,-1
59,8,585.67,107.65,40.67,131.82,1,-1,-1,-1
60,1,610.16,91.00,40.26,206.15,1,-1,-1,-1
60,2,414.79,105.94,38.62,131.17,1,-1,-1,-1
60,3,417.36,90.05,58.24,180.16,1,-1,-1,-1
60,4,536.08,85.02,64.91,214.01,1,-1,-1,-1
60,5,181.90,96.00,41.34,154.97,1,-1,-1,-1
60,6,416.97,95.00,61.90,194.88,1,-1,-1,-1
60,8,585.00,107.87,40.65,131.94,1,-1,-1,-1
61,1,612.27,91.00,38.10,205.80,1,-1,-1,-1
61,2,413.05,105.94,38.66,131.32,1,-1,-1,-1
61,3,414.37,90.06,58.20,179.90,1,-1,-1,-1
61,4,539.17,85.02,64.78,213.46,1,-1,-1,-1
61,5,181.65,96.00,41.46,154.97,1,-1,-1,-1
61,6,420.69,95.00,61.65,194.33,1,-1,-1,-1
61,8,584.17,107.96,40.66,132.05,1,-1,-1,-1
62,1,613.85,91.00,36.03,205.54,1,-1,-1,-1
62,2,411.80,105.95,38.69,131.48,1,-1,-1,-1
62,3,412.02,90.05,58.16,179.64,1,-1,-1,-1
62,4,542.20,85.02,64.65,212.91,1,-1,-1,-1
62,5,181.56,96.00,41.58,154.98,1,-1,-1,-1
62,6,424.59,95.00,61.40,193.78,1,-1,-1,-1
62,8,582.61,107.99,40.69,132.16,1,-1,-1,-1
63,1,615.19,91.01,35.96,205.15,1,-1,-1,-1
63,2,410.06,105.95,38.73,131.63,1,-1,-1,-1
63,3,409.25,90.05,58.12,179.38,1,-1,-1,-1
63,4,545.21,85.68,64.52,212.36,1,-1,-1,-1
63,5,181.52,96.00,41.70,154.99,1,-1,-1,-1
63,6,427.90,95.00,61.16,193.24,1,-1,-1,-1
63,8,581.45,108.00,40.74,132.28,1,-1,-1,-1
64,2,408.80,105.96,38.76,131.78,1,-1,-1,-1
64,3,406.33,90.04,58.08,179.12,1,-1,-1,-1
64,4,548.21,85.92,64.39,211.81,1,-1,-1,-1
64,5,181.52,96.00,41.82,155.00,1,-1,-1,-1
64,6,431.65,95.00,60.91,192.69,1,-1,-1,-1
64,8,580.43,108.00,40.82,132.39,1,-1,-1,-1
65,2,407.06,105.96,38.79,131.92,1,-1,-1,-1
65,3,404.00,90.04,58.04,178.86,1,-1,-1,-1
65,4,551.20,86.01,64.25,211.26,1,-1,-1,-1
65,5,181.51,96.00,41.94,155.01,1,-1,-1,-1
65,6,434.90,95.00,60.66,192.14,1,-1,-1,-1
65,8,579.46,108.00,40.91,132.51,1,-1,-1,-1
66,2,405.81,105.97,38.83,132.07,1,-1,-1,-1
66,3,401.24,90.70,57.99,178.60,1,-1,-1,-1
66,4,554.20,86.04,64.12,210.71,1,-1,-1,-1
66,5,181.52,96.00,42.06,155.01,1,-1,-1,-1
66,6,438.63,95.66,60.41,191.59,1,-1,-1,-1
66,8,577.85,108.00,41.02,132.62,1,-1,-1,-1
67,2,404.07,105.97,38.86,132.22,1,-1,-1,-1
67,3,398.32,90.94,57.95,178.33,1,-1,-1,-1
67,4,557.20,86.05,63.99,210.16,1,-1,-1,-1
67,5,181.52,96.00,42.18,155.02,1,-1,-1,-1
67,6,441.87,95.91,60.16,191.04,1,-1,-1,-1
67,8,576.65,108.66,41.15,132.74,1,-1,-1,-1
68,2,402.81,105.31,38.90,132.38,1,-1,-1,-1
68,3,395.33,91.03,57.90,178.07,1,-1,-1,-1
68,4,560.19,86.05,63.86,209.62,1,-1,-1,-1
68,5,181.53,96.00,42.30,155.03,1,-1,-1,-1
68,6,445.60,96.00,59.92,190.49,1,-1,-1,-1
68,8,575.61,108.91,41.29,132.85,1,-1,-1,-1
69,2,401.07,105.07,38.93,132.53,1,-1,-1,-1
69,3,392.99,91.06,57.86,177.81,1,-1,-1,-1
69,4,563.19,86.04,63.72,209.06,1,-1,-1,-1
69,5,181.53,96.00,42.42,155.04,1,-1,-1,-1
69,6,449.51,96.03,59.67,189.94,1,-1,-1,-1
69,8,573.97,109.00,41.45,132.96,1,-1,-1,-1
70,2,399.81,104.98,38.97,132.68,1,-1,-1,-1
70,3,390.22,91.06,57.81,177.55,1,-1,-1,-1
70,4,566.18,86.04,63.59,208.52,1,-1,-1,-1
70,5,181.53,96.00,42.54,155.04,1,-1,-1,-1
70,6,452.83,96.04,59.42,189.39,1,-1,-1,-1
70,8,572.76,109.03,41.62,133.08,1,-1,-1,-1
71,2,398.73,104.95,39.00,132.83,1,-1,-1,-1
71,3,387.30,91.06,57.77,177.29,1,-1,-1,-1
71,4,569.15,86.03,63.45,207.98,1,-1,-1,-1
71,5,181.54,96.00,42.65,155.05,1,-1,-1,-1
71,6,456.58,96.04,59.17,188.84,1,-1,-1,-1
71,8,571.71,109.04,41.79,133.19,1,-1,-1,-1
72,2,397.06,104.94,39.03,132.98,1,-1,-1,-1
72,3,384.98,91.05,57.72,177.03,1,-1,-1,-1
72,4,572.04,86.03,63.28,207.45,1,-1,-1,-1
72,5,181.54,96.00,42.77,155.06,1,-1,-1,-1
72,6,459.84,96.04,58.92,188.29,1,-1,-1,-1
72,8,570.71,109.04,41.98,133.31,1,-1,-1,-1
73,2,395.83,104.95,39.07,133.13,1,-1,-1,-1
73,3,382.22,91.05,57.67,176.76,1,-1,-1,-1
73,4,574.81,86.03,63.06,206.95,1,-1,-1,-1
73,5,181.54,96.00,42.89,155.07,1,-1,-1,-1
73,6,463.58,96.03,58.68,187.75,1,-1,-1,-1
73,8,569.08,109.04,42.18,133.42,1,-1,-1,-1
74,2,394.75,104.95,39.10,133.28,1,-1,-1,-1
74,3,379.30,91.04,57.63,176.51,1,-1,-1,-1
74,4,577.39,86.02,62.74,206.51,1,-1,-1,-1
74,5,181.54,96.00,43.01,155.07,1,-1,-1,-1
74,6,466.83,96.03,58.43,187.20,1,-1,-1,-1
74,8,567.87,109.69,42.38,133.53,1,-1,-1,-1
75,2,394.40,104.96,39.13,133.44,1,-1,-1,-1
75,3,376.32,91.04,57.58,176.25,1,-1,-1,-1
75,4,579.12,86.02,62.29,206.12,1,-1,-1,-1
75,5,181.52,96.00,43.12,155.08,1,-1,-1,-1
75,6,470.56,96.03,58.18,186.65,1,-1,-1,-1
75,8,566.81,109.94,42.59,133.65,1,-1,-1,-1
76,2,394.32,104.96,39.17,133.59,1,-1,-1,-1
76,3,373.97,91.69,57.53,175.98,1,-1,-1,-1
76,4,581.12,86.02,61.68,205.77,1,-1,-1,-1
76,5,181.50,96.00,43.23,155.08,1,-1,-1,-1
76,6,474.48,96.02,57.94,186.10,1,-1,-1,-1
76,8,565.81,110.03,42.81,133.76,1,-1,-1,-1
76,9,599.38,109.02,34.44,159.89,1,-1,-1,-1
77,2,393.68,104.97,39.20,133.74,1,-1,-1,-1
77,3,371.21,91.94,57.48,175.72,1,-1,-1,-1
77,4,583.22,86.02,60.90,205.45,1,-1,-1,-1
77,5,182.13,96.00,43.32,155.07,1,-1,-1,-1
77,6,477.80,96.02,57.69,185.55,1,-1,-1,-1
77,8,564.17,110.06,43.03,133.88,1,-1,-1,-1
77,9,596.52,109.81,34.65,159.41,1,-1,-1,-1
78,2,393.48,104.97,39.24,133.89,1,-1,-1,-1
78,3,368.29,92.03,57.43,175.46,1,-1,-1,-1
78,4,584.71,86.01,59.96,205.15,1,-1,-1,-1
78,5,182.34,96.00,43.41,155.07,1,-1,-1,-1
78,6,481.56,96.02,57.44,185.00,1,-1,-1,-1
78,8,562.95,110.06,43.26,133.99,1,-1,-1,-1
78,9,593.04,110.05,35.07,158.90,1,-1,-1,-1
79,2,393.45,104.97,39.27,134.04,1,-1,-1,-1
79,3,365.97,92.05,57.38,175.19,1,-1,-1,-1
79,4,586.68,86.01,58.87,204.86,1,-1,-1,-1
79,5,182.38,96.00,43.48,155.06,1,-1,-1,-1
79,6,484.82,96.68,57.19,184.45,1,-1,-1,-1
79,8,561.88,110.06,43.49,134.10,1,-1,-1,-1
79,9,589.29,110.83,35.71,158.40,1,-1,-1,-1
80,2,393.47,104.98,39.30,134.19,1,-1,-1,-1
80,3,363.21,92.06,57.33,174.93,1,-1,-1,-1
80,4,588.21,86.01,57.63,204.56,1,-1,-1,-1
80,5,183.03,96.00,43.55,155.05,1,-1,-1,-1
80,6,488.55,96.93,56.95,183.90,1,-1,-1,-1
80,8,560.21,110.05,43.73,134.22,1,-1,-1,-1
80,9,585.28,111.08,36.58,157.92,1,-1,-1,-1
81,2,393.52,104.98,39.34,134.34,1,-1,-1,-1
81,3,360.29,92.06,57.29,174.67,1,-1,-1,-1
81,4,590.26,86.01,56.26,204.25,1,-1,-1,-1
81,5,183.24,96.00,43.60,155.04,1,-1,-1,-1
81,6,492.47,97.01,56.70,183.35,1,-1,-1,-1
81,8,558.97,110.71,43.97,134.33,1,-1,-1,-1
81,9,581.64,111.84,37.65,157.47,1,-1,-1,-1
82,2,393.56,104.98,39.37,134.50,1,-1,-1,-1
82,3,357.31,92.05,57.24,174.41,1,-1,-1,-1
82,4,592.50,86.01,54.74,203.90,1,-1,-1,-1
82,5,183.96,96.00,43.65,155.02,1,-1,-1,-1
82,6,495.79,97.04,56.45,182.81,1,-1,-1,-1
82,8,557.88,110.95,44.20,134.45,1,-1,-1,-1
82,9,577.84,112.10,38.84,157.09,1,-1,-1,-1
83,2,393.60,104.98,39.41,134.65,1,-1,-1,-1
83,3,354.97,92.05,57.19,174.15,1,-1,-1,-1
83,4,594.76,86.01,53.04,203.46,1,-1,-1,-1
83,5,184.20,96.00,43.69,155.01,1,-1,-1,-1
83,6,499.55,97.05,56.21,182.26,1,-1,-1,-1
83,8,556.17,111.04,44.43,134.56,1,-1,-1,-1
83,9,573.72,112.17,40.09,156.76,1,-1,-1,-1
84,2,393.64,104.99,39.44,134.80,1,-1,-1,-1
84,3,352.20,92.04,57.14,173.88,1,-1,-1,-1
84,4,597.62,86.01,51.13,202.90,1,-1,-1,-1
84,5,184.92,96.00,43.72,154.99,1,-1,-1,-1
84,6,502.81,97.05,55.96,181.71,1,-1,-1,-1
84,8,554.88,111.06,44.65,134.68,1,-1,-1,-1
84,9,569.30,112.18,41.34,156.49,1,-1,-1,-1
85,2,393.68,104.99,39.47,134.95,1,-1,-1,-1
85,3,349.28,92.04,57.09,173.62,1,-1,-1,-1
85,4,600.64,86.01,49.00,202.20,1,-1,-1,-1
85,5,185.17,96.00,43.75,154.98,1,-1,-1,-1
85,6,506.54,97.04,55.71,181.16,1,-1,-1,-1
85,8,553.74,111.07,44.85,134.79,1,-1,-1,-1
85,9,565.38,112.17,42.53,156.25,1,-1,-1,-1
86,2,393.71,104.99,39.51,135.10,1,-1,-1,-1
86,3,346.96,92.69,57.04,173.36,1,-1,-1,-1
86,4,603.73,86.00,46.65,201.40,1,-1,-1,-1
86,5,185.89,96.00,43.77,154.97,1,-1,-1,-1
86,6,509.80,97.04,55.46,180.61,1,-1,-1,-1
86,8,552.00,111.07,45.05,134.90,1,-1,-1,-1
86,9,561.63,112.82,43.66,156.03,1,-1,-1,-1
87,2,393.08,104.99,39.54,135.25,1,-1,-1,-1
87,3,344.21,92.94,56.99,173.09,1,-1,-1,-1
87,4,606.96,86.00,44.15,200.59,1,-1,-1,-1
87,5,186.14,96.00,43.79,154.96,1,-1,-1,-1
87,6,513.53,97.03,55.21,180.06,1,-1,-1,-1
87,8,550.69,111.06,45.23,135.02,1,-1,-1,-1
87,9,557.29,113.05,44.70,155.82,1,-1,-1,-1
88,2,392.86,104.99,39.57,135.40,1,-1,-1,-1
88,3,341.29,93.03,56.94,172.83,1,-1,-1,-1
88,4,609.79,86.00,41.59,199.86,1,-1,-1,-1
88,5,186.21,95.34,43.80,154.95,1,-1,-1,-1
88,6,517.45,97.03,54.97,179.51,1,-1,-1,-1
88,8,548.88,111.05,45.39,135.13,1,-1,-1,-1
88,9,553.44,113.12,45.65,155.61,1,-1,-1,-1
89,2,392.79,104.99,39.61,135.56,1,-1,-1,-1
89,3,338.97,93.05,56.89,172.57,1,-1,-1,-1
89,4,612.76,86.00,39.09,199.29,1,-1,-1,-1
89,5,186.87,95.09,43.81,154.93,1,-1,-1,-1
89,6,520.77,97.03,54.72,178.96,1,-1,-1,-1
89,8,547.56,111.05,45.55,135.25,1,-1,-1,-1
89,9,549.79,113.14,46.51,155.41,1,-1,-1,-1
90,2,392.77,104.99,39.64,135.71,1,-1,-1,-1
90,3,336.88,93.06,56.84,172.31,1,-1,-1,-1
90,4,614.67,86.01,38.98,198.73,1,-1,-1,-1
90,5,187.10,95.00,43.81,154.92,1,-1,-1,-1
90,6,524.53,97.02,54.47,178.41,1,-1,-1,-1
90,8,545.76,111.04,45.70,135.36,1,-1,-1,-1
90,9,545.58,113.13,47.29,155.19,1,-1,-1,-1
91,2,392.78,104.99,39.67,135.86,1,-1,-1,-1
91,3,334.87,93.06,56.79,172.04,1,-1,-1,-1
91,5,187.82,94.97,43.82,154.91,1,-1,-1,-1
91,6,527.79,97.02,54.23,177.87,1,-1,-1,-1
91,8,544.44,111.04,45.83,135.47,1,-1,-1,-1
91,9,541.85,113.12,47.98,154.99,1,-1,-1,-1
92,2,392.80,104.99,39.71,136.01,1,-1,-1,-1
92,3,333.55,93.05,56.74,171.78,1,-1,-1,-1
92,5,188.07,94.96,43.82,154.90,1,-1,-1,-1
92,6,531.53,97.68,53.98,177.32,1,-1,-1,-1
92,8,542.65,111.03,45.96,135.59,1,-1,-1,-1
92,9,538.33,113.11,48.59,154.78,1,-1,-1,-1
93,2,392.81,105.66,39.74,136.16,1,-1,-1,-1
93,3,332.49,93.05,56.69,171.52,1,-1,-1,-1
93,5,188.81,94.96,43.81,154.88,1,-1,-1,-1
93,6,535.45,97.93,53.73,176.77,1,-1,-1,-1
93,8,541.35,111.03,46.09,135.70,1,-1,-1,-1
93,9,534.91,113.10,49.13,154.56,1,-1,-1,-1
94,2,392.83,105.90,39.77,136.31,1,-1,-1,-1
94,3,330.85,93.04,56.64,171.25,1,-1,-1,-1
94,5,189.06,94.96,43.80,154.87,1,-1,-1,-1
94,6,538.77,98.02,53.48,176.22,1,-1,-1,-1
94,8,539.57,111.03,46.20,135.81,1,-1,-1,-1
94,9,530.89,113.08,49.60,154.35,1,-1,-1,-1
95,2,392.84,106.00,39.81,136.46,1,-1,-1,-1
95,3,329.66,93.04,56.59,170.99,1,-1,-1,-1
95,5,189.80,94.97,43.80,154.86,1,-1,-1,-1
95,6,542.53,98.04,53.24,175.67,1,-1,-1,-1
95,8,538.27,111.02,46.31,135.93,1,-1,-1,-1
95,9,527.32,113.07,50.00,154.14,1,-1,-1,-1
96,2,392.86,106.03,39.84,136.62,1,-1,-1,-1
96,3,328.63,93.03,56.54,170.73,1,-1,-1,-1
96,5,190.05,94.97,43.79,154.85,1,-1,-1,-1
96,6,545.79,98.05,52.99,175.12,1,-1,-1,-1
96,8,536.50,111.02,46.42,136.04,1,-1,-1,-1
96,9,523.94,113.06,50.34,153.93,1,-1,-1,-1
97,2,392.21,106.04,39.88,136.77,1,-1,-1,-1
97,3,327.67,93.03,56.49,170.47,1,-1,-1,-1
97,5,190.13,94.97,43.77,154.84,1,-1,-1,-1
97,6,549.53,98.05,52.74,174.57,1,-1,-1,-1
97,8,535.21,111.02,46.52,136.16,1,-1,-1,-1
97,9,519.99,113.06,50.63,153.71,1,-1,-1,-1
98,2,391.97,106.04,39.91,136.92,1,-1,-1,-1
98,3,326.05,93.02,56.43,170.21,1,-1,-1,-1
98,5,190.80,94.98,43.76,154.83,1,-1,-1,-1
98,6,552.78,98.04,52.49,174.02,1,-1,-1,-1
98,8,533.44,111.02,46.61,136.27,1,-1,-1,-1
98,9,516.49,113.05,50.87,153.50,1,-1,-1,-1
99,2,391.89,106.03,39.94,137.07,1,-1,-1,-1
99,3,324.85,93.02,56.38,169.94,1,-1,-1,-1
99,5,191.03,94.98,43.74,154.81,1,-1,-1,-1
99,6,556.52,98.04,52.25,173.47,1,-1,-1,-1
99,8,532.15,111.01,46.70,136.38,1,-1,-1,-1
99,9,513.19,113.71,51.07,153.28,1,-1,-1,-1
100,2,391.86,106.03,39.98,137.22,1,-1,-1,-1
100,3,323.81,93.02,56.33,169.68,1,-1,-1,-1
100,5,191.76,94.98,43.73,154.80,1,-1,-1,-1
100,6,560.44,98.04,52.00,172.92,1,-1,-1,-1
100,8,530.39,111.01,46.79,136.50,1,-1,-1,-1
100,9,509.30,113.95,51.22,153.07,1,-1,-1,-1
101,2,391.86,106.03,40.01,137.37,1,-1,-1,-1
101,3,322.16,93.02,56.28,169.42,1,-1,-1,-1
101,5,192.02,94.98,43.71,154.79,1,-1,-1,-1
101,6,563.76,98.03,51.75,172.38,1,-1,-1,-1
101,8,529.11,111.01,46.87,136.61,1,-1,-1,-1
101,9,505.87,114.04,51.33,152.86,1,-1,-1,-1
102,2,391.87,106.02,40.04,137.52,1,-1,-1,-1
102,3,320.94,93.01,56.23,169.16,1,-1,-1,-1
102,5,192.76,94.33,43.69,154.78,1,-1,-1,-1
102,6,567.52,98.03,51.51,171.83,1,-1,-1,-1
102,8,527.35,111.01,46.96,136.73,1,-1,-1,-1
102,9,502.63,114.06,51.41,152.64,1,-1,-1,-1
103,2,391.87,106.02,40.08,137.67,1,-1,-1,-1
103,3,319.88,93.01,56.18,168.89,1,-1,-1,-1
103,5,193.02,94.08,43.67,154.77,1,-1,-1,-1
103,6,570.78,98.02,51.26,171.28,1,-1,-1,-1
103,8,526.08,111.01,47.03,136.84,1,-1,-1,-1
103,9,498.79,114.07,51.46,152.43,1,-1,-1,-1
104,2,391.88,106.02,40.11,137.83,1,-1,-1,-1
104,3,318.89,93.01,56.13,168.63,1,-1,-1,-1
104,5,193.76,93.99,43.65,154.76,1,-1,-1,-1
104,6,574.52,98.02,51.01,170.73,1,-1,-1,-1
104,8,524.32,111.01,47.11,136.96,1,-1,-1,-1
104,9,495.41,114.06,51.48,152.21,1,-1,-1,-1
105,2,391.89,106.02,40.14,137.98,1,-1,-1,-1
105,3,317.25,93.01,56.08,168.37,1,-1,-1,-1
105,5,194.02,93.96,43.63,154.75,1,-1,-1,-1
105,6,577.76,98.68,50.76,170.18,1,-1,-1,-1
105,8,523.05,111.01,47.19,137.07,1,-1,-1,-1
105,9,492.21,114.06,51.48,152.00,1,-1,-1,-1
106,2,391.90,106.01,40.18,138.12,1,-1,-1,-1
106,3,316.03,93.01,56.03,168.10,1,-1,-1,-1
106,5,194.09,93.95,43.61,154.73,1,-1,-1,-1
106,6,581.47,98.93,50.51,169.64,1,-1,-1,-1
106,8,521.30,111.01,47.26,137.18,1,-1,-1,-1
106,9,489.08,114.05,51.45,151.78,1,-1,-1,-1
107,2,391.90,106.01,40.21,138.27,1,-1,-1,-1
107,3,314.96,93.01,55.98,167.84,1,-1,-1,-1
107,5,194.77,93.95,43.58,154.72,1,-1,-1,-1
107,6,584.62,99.02,50.22,169.13,1,-1,-1,-1
107,8,520.03,111.00,47.33,137.30,1,-1,-1,-1
107,9,485.32,114.05,51.40,151.57,1,-1,-1,-1
108,2,391.91,106.01,40.24,138.41,1,-1,-1,-1
108,3,313.29,93.01,55.93,167.58,1,-1,-1,-1
108,5,195.00,93.96,43.56,154.71,1,-1,-1,-1
108,6,588.12,99.05,49.89,168.65,1,-1,-1,-1
108,8,518.28,111.00,47.40,137.41,1,-1,-1,-1
108,9,481.99,114.04,51.33,151.35,1,-1,-1,-1
109,2,391.92,106.01,40.26,138.53,1,-1,-1,-1
109,3,312.06,93.01,55.88,167.32,1,-1,-1,-1
109,5,195.73,93.96,43.54,154.70,1,-1,-1,-1
109,6,590.95,99.05,49.47,168.25,1,-1,-1,-1
109,8,517.01,111.00,47.46,137.53,1,-1,-1,-1
109,9,478.84,114.04,51.25,151.14,1,-1,-1,-1
110,2,391.93,106.01,40.29,138.63,1,-1,-1,-1
110,3,310.99,93.01,55.83,167.06,1,-1,-1,-1
110,5,195.99,93.97,43.51,154.69,1,-1,-1,-1
110,6,593.40,99.05,48.90,167.90,1,-1,-1,-1
110,8,515.26,111.00,47.53,137.64,1,-1,-1,-1
110,9,475.09,114.03,51.15,150.92,1,-1,-1,-1
111,2,392.60,106.01,40.31,138.72,1,-1,-1,-1
111,3,309.98,93.00,55.77,166.79,1,-1,-1,-1
111,5,196.73,93.97,43.49,154.68,1,-1,-1,-1
111,6,595.64,99.05,48.19,167.62,1,-1,-1,-1
111,8,514.00,111.00,47.59,137.75,1,-1,-1,-1
111,9,471.80,114.03,51.05,150.72,1,-1,-1,-1
112,2,392.86,106.01,40.33,138.81,1,-1,-1,-1
112,3,308.33,93.00,55.72,166.53,1,-1,-1,-1
112,5,197.00,93.97,43.46,154.66,1,-1,-1,-1
112,6,597.80,99.04,47.30,167.38,1,-1,-1,-1
112,8,512.25,111.00,47.66,137.87,1,-1,-1,-1
112,9,468.70,114.02,50.95,150.52,1,-1,-1,-1
113,2,393.62,106.67,40.35,138.89,1,-1,-1,-1
113,3,307.10,93.00,55.67,166.27,1,-1,-1,-1
113,5,197.08,93.98,43.44,154.65,1,-1,-1,-1
113,6,599.28,99.04,46.25,167.16,1,-1,-1,-1
113,8,510.98,111.00,47.72,137.98,1,-1,-1,-1
113,9,465.68,114.02,50.85,150.33,1,-1,-1,-1
114,2,393.91,106.91,40.37,138.96,1,-1,-1,-1
114,3,306.03,93.00,55.62,166.00,1,-1,-1,-1
114,5,197.75,93.98,43.41,154.64,1,-1,-1,-1
114,6,601.22,99.03,45.04,166.95,1,-1,-1,-1
114,8,509.24,111.00,47.78,138.10,1,-1,-1,-1
114,9,462.70,114.02,50.76,150.15,1,-1,-1,-1
115,2,394.68,107.01,40.39,139.04,1,-1,-1,-1
115,3,304.35,93.00,55.57,165.74,1,-1,-1,-1
115,5,197.99,93.98,43.39,154.63,1,-1,-1,-1
115,6,603.38,99.03,43.69,166.74,1,-1,-1,-1
115,8,507.97,111.00,47.84,138.21,1,-1,-1,-1
115,9,459.08,114.02,50.68,149.97,1,-1,-1,-1
116,2,394.96,107.04,40.41,139.11,1,-1,-1,-1
116,3,303.11,93.00,55.52,165.48,1,-1,-1,-1
116,5,198.06,93.32,43.36,154.62,1,-1,-1,-1
116,6,605.02,99.02,42.21,166.54,1,-1,-1,-1
116,8,506.23,111.00,47.90,138.32,1,-1,-1,-1
116,9,455.88,114.01,50.61,149.80,1,-1,-1,-1
117,2,395.73,107.04,40.44,139.19,1,-1,-1,-1
117,3,302.03,93.00,55.47,165.22,1,-1,-1,-1
117,5,198.07,93.08,43.33,154.61,1,-1,-1,-1
117,6,607.18,99.02,40.63,166.34,1,-1,-1,-1
117,8,504.96,111.00,47.96,138.44,1,-1,-1,-1
117,9,452.84,114.01,50.55,149.63,1,-1,-1,-1
118,2,396.01,107.04,40.46,139.26,1,-1,-1,-1
118,3,301.02,93.00,55.42,164.95,1,-1,-1,-1
118,5,198.06,92.99,43.30,154.59,1,-1,-1,-1
118,6,608.97,99.02,38.98,166.15,1,-1,-1,-1
118,8,503.22,111.00,48.02,138.55,1,-1,-1,-1
118,9,449.85,114.01,50.49,149.46,1,-1,-1,-1
119,2,396.77,107.04,40.49,139.34,1,-1,-1,-1
119,3,299.36,93.00,55.37,164.69,1,-1,-1,-1
119,5,198.04,92.96,43.28,154.58,1,-1,-1,-1
119,6,610.78,99.02,37.30,165.99,1,-1,-1,-1
119,8,501.96,111.00,48.08,138.67,1,-1,-1,-1
119,9,446.88,114.01,50.44,149.29,1,-1,-1,-1
120,2,397.05,107.70,40.51,139.42,1,-1,-1,-1
120,3,298.13,93.00,55.32,164.43,1,-1,-1,-1
120,5,198.03,92.95,43.25,154.57,1,-1,-1,-1
120,6,612.75,99.01,35.67,165.87,1,-1,-1,-1
120,8,500.22,111.00,48.13,138.78,1,-1,-1,-1
120,9,443.92,114.01,50.39,149.11,1,-1,-1,-1
121,2,397.80,107.94,40.54,139.50,1,-1,-1,-1
121,3,297.05,93.00,55.27,164.16,1,-1,-1,-1
121,5,198.01,92.95,43.22,154.56,1,-1,-1,-1
121,6,614.59,99.04,35.61,165.58,1,-1,-1,-1
121,8,498.95,111.00,48.19,138.90,1,-1,-1,-1
121,9,440.96,114.01,50.35,148.94,1,-1,-1,-1
122,2,398.08,108.03,40.57,139.57,1,-1,-1,-1
122,3,295.37,93.00,55.22,163.90,1,-1,-1,-1
122,5,197.99,92.96,43.19,154.55,1,-1,-1,-1
122,8,497.21,111.00,48.25,139.01,1,-1,-1,-1
122,9,437.33,114.01,50.31,148.77,1,-1,-1,-1
123,2,398.17,108.06,40.60,139.65,1,-1,-1,-1
123,3,294.13,93.00,55.17,163.64,1,-1,-1,-1
123,5,197.98,92.96,43.17,154.54,1,-1,-1,-1
123,8,495.95,111.00,48.30,139.12,1,-1,-1,-1
123,9,434.11,114.01,50.28,148.59,1,-1,-1,-1
124,2,398.85,108.06,40.62,139.73,1,-1,-1,-1
124,3,293.05,93.00,55.12,163.38,1,-1,-1,-1
124,5,197.97,92.96,43.14,154.53,1,-1,-1,-1
124,8,494.21,111.00,48.36,139.24,1,-1,-1,-1
124,9,431.04,114.01,50.24,148.42,1,-1,-1,-1
125,2,399.10,108.06,40.65,139.81,1,-1,-1,-1
125,3,292.03,93.66,55.07,163.12,1,-1,-1,-1
125,5,197.96,92.97,43.11,154.51,1,-1,-1,-1
125,8,492.95,111.00,48.42,139.35,1,-1,-1,-1
125,9,428.04,114.00,50.22,148.25,1,-1,-1,-1
126,2,399.84,108.05,40.68,139.88,1,-1,-1,-1
126,3,290.38,93.91,55.02,162.85,1,-1,-1,-1
126,5,197.95,92.97,43.08,154.50,1,-1,-1,-1
126,8,491.20,111.00,48.47,139.47,1,-1,-1,-1
126,9,425.04,114.00,50.19,148.08,1,-1,-1,-1
127,2,400.10,108.71,40.72,139.96,1,-1,-1,-1
127,3,289.14,94.00,54.97,162.59,1,-1,-1,-1
127,5,197.94,92.98,43.05,154.49,1,-1,-1,-1
127,8,489.94,111.00,48.53,139.59,1,-1,-1,-1
127,9,422.04,114.00,50.15,147.90,1,-1,-1,-1
128,2,400.85,108.95,40.75,140.04,1,-1,-1,-1
128,3,288.06,94.03,54.92,162.34,1,-1,-1,-1
128,5,197.93,92.98,43.03,154.48,1,-1,-1,-1
128,8,488.19,111.00,48.59,139.71,1,-1,-1,-1
128,9,419.01,114.00,50.11,147.73,1,-1,-1,-1
129,2,401.12,109.04,40.78,140.12,1,-1,-1,-1
129,3,287.03,94.04,54.87,162.10,1,-1,-1,-1
129,5,197.92,92.98,43.00,154.47,1,-1,-1,-1
129,8,486.92,111.00,48.65,139.86,1,-1,-1,-1
129,9,415.93,114.00,50.04,147.56,1,-1,-1,-1
130,2,401.87,109.06,40.81,140.20,1,-1,-1,-1
130,3,285.34,94.04,54.82,161.89,1,-1,-1,-1
130,5,197.92,92.98,42.97,154.46,1,-1,-1,-1
130,8,485.16,111.00,48.72,140.05,1,-1,-1,-1
130,9,413.47,114.00,49.94,147.40,1,-1,-1,-1
131,2,402.13,109.07,40.84,140.27,1,-1,-1,-1
131,3,284.05,93.37,54.78,161.72,1,-1,-1,-1
131,5,197.91,92.99,42.94,154.44,1,-1,-1,-1
131,8,483.87,111.00,48.79,140.26,1,-1,-1,-1
131,9,410.57,114.00,49.80,147.23,1,-1,-1,-1
132,2,402.88,109.07,40.87,140.35,1,-1,-1,-1
132,3,283.56,93.12,54.73,161.60,1,-1,-1,-1
132,5,197.91,92.99,42.91,154.43,1,-1,-1,-1
132,8,482.75,111.00,48.86,140.50,1,-1,-1,-1
132,9,408.15,114.00,49.63,147.06,1,-1,-1,-1
133,2,403.14,109.06,40.90,140.43,1,-1,-1,-1
133,3,282.70,93.03,54.68,161.53,1,-1,-1,-1
133,5,197.91,92.99,42.88,154.42,1,-1,-1,-1
133,8,481.70,111.00,48.93,140.76,1,-1,-1,-1
133,9,405.92,114.00,49.41,146.88,1,-1,-1,-1
134,2,403.89,109.71,40.93,140.51,1,-1,-1,-1
134,3,281.69,92.99,54.61,161.48,1,-1,-1,-1
134,5,197.90,92.99,42.86,154.41,1,-1,-1,-1
134,8,480.01,111.00,48.99,141.04,1,-1,-1,-1
134,9,403.10,113.34,49.17,146.71,1,-1,-1,-1
135,2,404.15,109.96,40.97,140.59,1,-1,-1,-1
135,3,280.63,92.98,54.53,161.46,1,-1,-1,-1
135,5,197.90,92.99,42.83,154.40,1,-1,-1,-1
135,8,478.74,111.00,49.05,141.32,1,-1,-1,-1
135,9,400.73,113.09,48.89,146.54,1,-1,-1,-1
136,2,404.89,110.04,41.00,140.66,1,-1,-1,-1
136,3,280.22,92.98,54.43,161.43,1,-1,-1,-1
136,5,197.90,92.33,42.80,154.38,1,-1,-1,-1
136,8,477.63,111.00,49.10,141.60,1,-1,-1,-1
136,9,398.54,113.00,48.58,146.37,1,-1,-1,-1
136,10,2.24,117.21,30.35,173.96,1,-1,-1,-1
137,2,405.16,110.07,41.03,140.74,1,-1,-1,-1
137,3,279.39,92.98,54.31,161.41,1,-1,-1,-1
137,5,197.90,92.08,42.77,154.37,1,-1,-1,-1
137,8,476.59,111.00,49.15,141.88,1,-1,-1,-1
137,9,395.76,112.97,48.25,146.20,1,-1,-1,-1
137,10,3.65,115.41,30.88,175.24,1,-1,-1,-1
138,2,405.90,110.07,41.06,140.82,1,-1,-1,-1
138,3,278.41,92.98,54.18,161.39,1,-1,-1,-1
138,5,197.89,91.99,42.74,154.36,1,-1,-1,-1
138,8,475.57,111.00,49.18,142.15,1,-1,-1,-1
138,9,393.42,112.96,47.90,146.03,1,-1,-1,-1
138,10,4.95,114.12,31.58,176.45,1,-1,-1,-1
139,2,406.16,110.07,41.10,140.90,1,-1,-1,-1
139,3,278.03,92.98,54.04,161.37,1,-1,-1,-1
139,5,197.89,91.96,42.71,154.35,1,-1,-1,-1
139,8,473.89,111.00,49.22,142.43,1,-1,-1,-1
139,9,391.26,112.96,47.52,145.86,1,-1,-1,-1
139,10,5.97,113.02,32.42,177.40,1,-1,-1,-1
140,2,406.90,110.72,41.13,140.98,1,-1,-1,-1
140,3,277.23,92.33,53.88,161.35,1,-1,-1,-1
140,5,197.89,91.96,42.68,154.34,1,-1,-1,-1
140,8,472.64,111.00,49.25,142.71,1,-1,-1,-1
140,9,388.50,112.96,47.13,145.69,1,-1,-1,-1
140,10,6.63,111.99,33.34,177.98,1,-1,-1,-1
141,2,407.17,110.96,41.16,141.06,1,-1,-1,-1
141,3,276.26,92.08,53.71,161.33,1,-1,-1,-1
141,5,197.23,91.96,42.65,154.33,1,-1,-1,-1
141,8,471.54,111.00,49.27,142.98,1,-1,-1,-1
141,9,386.19,112.97,46.72,145.52,1,-1,-1,-1
141,10,12.39,111.67,34.30,178.13,1,-1,-1,-1
142,2,407.91,111.05,41.19,141.13,1,-1,-1,-1
142,3,275.90,91.99,53.52,161.30,1,-1,-1,-1
142,5,196.98,91.96,42.62,154.31,1,-1,-1,-1
142,8,470.50,110.34,49.29,143.26,1,-1,-1,-1
142,9,384.05,112.97,46.30,145.35,1,-1,-1,-1
142,10,16.41,111.60,35.24,177.93,1,-1,-1,-1
143,2,408.17,111.07,41.23,141.21,1,-1,-1,-1
143,3,275.11,91.96,53.33,161.28,1,-1,-1,-1
143,5,196.88,91.96,42.59,154.30,1,-1,-1,-1
143,8,468.83,110.09,49.30,143.54,1,-1,-1,-1
143,9,381.97,112.31,45.86,145.18,1,-1,-1,-1
143,10,20.35,111.61,36.16,177.48,1,-1,-1,-1
144,2,408.91,111.08,41.26,141.29,1,-1,-1,-1
144,3,274.16,91.95,53.13,161.25,1,-1,-1,-1
144,5,196.85,91.97,42.57,154.29,1,-1,-1,-1
144,8,467.58,110.00,49.32,143.82,1,-1,-1,-1
144,9,379.26,112.07,45.41,145.01,1,-1,-1,-1
144,10,24.21,111.65,37.05,176.91,1,-1,-1,-1
145,2,409.17,111.07,41.29,141.37,1,-1,-1,-1
145,3,273.80,91.95,52.92,161.22,1,-1,-1,-1
145,5,196.84,91.97,42.54,154.28,1,-1,-1,-1
145,8,466.49,109.97,49.33,144.09,1,-1,-1,-1
145,9,376.97,111.98,44.95,144.84,1,-1,-1,-1
145,10,28.03,111.69,37.92,176.29,1,-1,-1,-1
146,2,409.91,111.07,41.33,141.45,1,-1,-1,-1
146,3,273.02,91.96,52.71,161.20,1,-1,-1,-1
146,5,196.84,91.97,42.51,154.27,1,-1,-1,-1
146,8,465.45,109.96,49.33,144.37,1,-1,-1,-1
146,9,374.85,111.95,44.48,144.66,1,-1,-1,-1
146,10,31.82,111.73,38.76,175.66,1,-1,-1,-1
147,2,410.17,111.72,41.36,141.54,1,-1,-1,-1
147,3,272.08,91.96,52.48,161.17,1,-1,-1,-1
147,5,196.85,91.98,42.48,154.26,1,-1,-1,-1
147,8,463.79,109.96,49.34,144.65,1,-1,-1,-1
147,9,372.13,111.94,44.00,144.50,1,-1,-1,-1
147,10,35.62,111.77,39.57,175.02,1,-1,-1,-1
148,2,410.91,111.96,41.40,141.65,1,-1,-1,-1
148,3,271.73,91.97,52.26,161.14,1,-1,-1,-1
148,5,196.85,91.98,42.45,154.25,1,-1,-1,-1
148,8,462.54,109.96,49.34,144.92,1,-1,-1,-1
148,9,369.85,111.95,43.51,144.32,1,-1,-1,-1
148,10,39.41,111.80,40.35,174.39,1,-1,-1,-1
149,2,411.16,112.05,41.45,141.79,1,-1,-1,-1
149,3,270.95,91.31,52.02,161.12,1,-1,-1,-1
149,5,196.85,91.98,42.42,154.23,1,-1,-1,-1
149,8,461.45,109.97,49.34,145.20,1,-1,-1,-1
149,9,367.75,111.95,43.02,144.15,1,-1,-1,-1
149,10,43.21,111.82,41.09,173.77,1,-1,-1,-1
150,2,411.23,112.07,41.51,141.99,1,-1,-1,-1
150,3,270.01,91.06,51.79,161.10,1,-1,-1,-1
150,5,196.85,91.98,42.39,154.22,1,-1,-1,-1
150,8,460.42,109.97,49.34,145.47,1,-1,-1,-1
150,9,365.07,111.96,42.53,143.98,1,-1,-1,-1
150,10,47.03,112.51,41.80,173.15,1,-1,-1,-1
151,2,411.22,112.08,41.58,142.24,1,-1,-1,-1
151,3,269.01,90.98,51.54,161.07,1,-1,-1,-1
151,5,196.86,91.99,42.36,154.21,1,-1,-1,-1
151,8,459.42,109.97,49.33,145.74,1,-1,-1,-1
151,9,362.85,111.96,42.04,143.80,1,-1,-1,-1
151,10,50.85,112.78,42.48,172.54,1,-1,-1,-1
152,2,410.53,112.07,41.67,142.55,1,-1,-1,-1
152,3,268.65,90.95,51.30,161.04,1,-1,-1,-1
152,5,196.86,91.99,42.33,154.20,1,-1,-1,-1
152,8,457.76,109.98,49.33,146.02,1,-1,-1,-1
152,9,360.86,111.30,41.58,143.61,1,-1,-1,-1
152,10,54.69,112.89,43.12,171.93,1,-1,-1,-1
153,2,410.23,112.06,41.76,142.89,1,-1,-1,-1
153,3,267.88,90.94,51.05,161.01,1,-1,-1,-1
153,5,196.86,91.99,42.31,154.19,1,-1,-1,-1
153,8,456.52,109.98,49.32,146.29,1,-1,-1,-1
153,9,359.64,111.06,41.15,143.40,1,-1,-1,-1
153,10,59.20,112.93,43.73,171.32,1,-1,-1,-1
154,2,409.43,112.06,41.84,143.26,1,-1,-1,-1
154,3,266.94,90.94,50.79,160.98,1,-1,-1,-1
154,5,196.86,91.99,42.28,154.18,1,-1,-1,-1
154,8,455.43,109.98,49.31,146.57,1,-1,-1,-1
154,9,358.07,110.97,40.76,143.19,1,-1,-1,-1
154,10,63.31,112.95,44.31,170.72,1,-1,-1,-1
155,2,409.11,112.05,41.93,143.63,1,-1,-1,-1
155,3,266.61,90.95,50.54,160.95,1,-1,-1,-1
155,5,196.86,91.99,42.25,154.16,1,-1,-1,-1
155,8,454.41,109.98,49.30,146.85,1,-1,-1,-1
155,9,357.03,110.95,40.41,142.97,1,-1,-1,-1
155,10,67.27,112.96,44.86,170.12,1,-1,-1,-1
156,2,408.31,112.05,42.01,144.00,1,-1,-1,-1
156,3,265.84,90.95,50.28,160.92,1,-1,-1,-1
156,5,196.87,91.99,42.22,154.15,1,-1,-1,-1
156,8,452.74,109.99,49.29,147.12,1,-1,-1,-1
156,9,355.52,110.94,40.09,142.75,1,-1,-1,-1
156,10,71.18,112.97,45.38,169.52,1,-1,-1,-1
157,2,407.99,112.04,42.08,144.38,1,-1,-1,-1
157,3,264.91,90.96,50.02,160.89,1,-1,-1,-1
157,5,196.87,91.33,42.19,154.14,1,-1,-1,-1
157,8,451.50,109.99,49.28,147.39,1,-1,-1,-1
157,9,354.48,110.94,39.82,142.53,1,-1,-1,-1
157,10,75.08,112.97,45.88,168.92,1,-1,-1,-1
158,2,407.20,112.04,42.16,144.75,1,-1,-1,-1
158,3,264.58,90.30,49.75,160.87,1,-1,-1,-1
158,5,196.87,91.08,42.16,154.13,1,-1,-1,-1
158,8,450.41,109.99,49.27,147.67,1,-1,-1,-1
158,9,352.94,110.95,39.58,142.30,1,-1,-1,-1
158,10,78.98,112.98,46.35,168.33,1,-1,-1,-1
159,2,406.90,112.03,42.22,145.13,1,-1,-1,-1
159,3,263.82,90.06,49.49,160.84,1,-1,-1,-1
159,5,196.87,90.99,42.13,154.12,1,-1,-1,-1
159,8,449.39,109.99,49.26,147.95,1,-1,-1,-1
159,9,351.87,110.95,39.37,142.07,1,-1,-1,-1
159,10,82.89,112.98,46.80,167.74,1,-1,-1,-1
160,2,406.12,112.03,42.29,145.50,1,-1,-1,-1
160,3,262.89,89.97,49.22,160.82,1,-1,-1,-1
160,5,196.87,90.96,42.10,154.11,1,-1,-1,-1
160,8,447.73,109.99,49.24,148.22,1,-1,-1,-1
160,9,350.29,110.96,39.19,141.85,1,-1,-1,-1
160,10,86.80,113.65,47.24,167.14,1,-1,-1,-1
161,2,405.82,112.02,42.35,145.86,1,-1,-1,-1
161,3,262.56,89.94,48.95,160.79,1,-1,-1,-1
161,5,196.87,90.96,42.07,154.09,1,-1,-1,-1
161,8,446.49,109.99,49.23,148.50,1,-1,-1,-1
161,9,349.18,110.96,39.03,141.63,1,-1,-1,-1
161,10,90.72,113.90,47.65,166.56,1,-1,-1,-1
162,2,405.06,112.02,42.40,146.22,1,-1,-1,-1
162,3,261.80,89.94,48.68,160.76,1,-1,-1,-1
162,5,196.87,90.96,42.04,154.08,1,-1,-1,-1
162,8,445.40,109.99,49.21,148.77,1,-1,-1,-1
162,9,347.58,110.97,38.90,141.41,1,-1,-1,-1
162,10,95.32,113.99,48.04,165.96,1,-1,-1,-1
163,2,404.11,112.02,42.45,146.54,1,-1,-1,-1
163,3,260.88,89.94,48.41,160.73,1,-1,-1,-1
163,5,196.87,90.96,42.01,154.07,1,-1,-1,-1
163,8,444.38,109.99,49.20,149.04,1,-1,-1,-1
163,9,346.44,110.97,38.78,141.18,1,-1,-1,-1
163,10,99.50,114.02,48.42,165.37,1,-1,-1,-1
164,2,403.11,112.02,42.48,146.82,1,-1,-1,-1
164,3,260.55,89.95,48.14,160.69,1,-1,-1,-1
164,5,196.21,90.96,41.99,154.06,1,-1,-1,-1
164,8,443.38,109.99,49.18,149.32,1,-1,-1,-1
164,9,344.81,110.98,38.69,140.96,1,-1,-1,-1
164,10,103.54,114.03,48.79,164.79,1,-1,-1,-1
165,2,401.43,112.02,42.51,147.06,1,-1,-1,-1
165,3,259.80,89.95,47.86,160.65,1,-1,-1,-1
165,5,195.96,90.97,41.96,154.05,1,-1,-1,-1
165,8,441.73,110.00,49.16,149.59,1,-1,-1,-1
165,9,343.65,110.98,38.61,140.74,1,-1,-1,-1
165,10,107.52,114.03,49.14,164.20,1,-1,-1,-1
166,2,399.50,112.67,42.52,147.25,1,-1,-1,-1
166,3,258.90,89.96,47.59,160.58,1,-1,-1,-1
166,5,195.87,90.97,41.93,154.04,1,-1,-1,-1
166,8,440.49,110.00,49.15,149.86,1,-1,-1,-1
166,9,341.99,110.32,38.55,140.51,1,-1,-1,-1
166,10,111.48,114.03,49.49,163.61,1,-1,-1,-1
167,2,397.48,112.92,42.53,147.42,1,-1,-1,-1
167,3,258.61,89.96,47.31,160.47,1,-1,-1,-1
167,5,195.84,90.98,41.90,154.03,1,-1,-1,-1
167,8,439.41,110.00,49.13,150.14,1,-1,-1,-1
167,9,340.81,110.07,38.50,140.29,1,-1,-1,-1
167,10,115.44,114.03,49.82,163.02,1,-1,-1,-1
168,2,395.44,113.01,42.54,147.58,1,-1,-1,-1
168,3,258.57,89.31,47.03,160.33,1,-1,-1,-1
168,5,195.84,90.98,41.87,154.01,1,-1,-1,-1
168,8,438.39,110.00,49.11,150.41,1,-1,-1,-1
168,9,339.15,109.98,38.46,140.06,1,-1,-1,-1
168,10,119.40,114.02,50.14,162.43,1,-1,-1,-1
169,2,393.39,113.04,42.54,147.72,1,-1,-1,-1
169,3,258.63,89.72,46.76,160.15,1,-1,-1,-1
169,5,195.84,90.98,41.84,154.00,1,-1,-1,-1
169,8,436.73,110.00,49.09,150.69,1,-1,-1,-1
169,9,337.95,109.95,38.43,139.84,1,-1,-1,-1
169,10,123.37,114.68,50.45,161.85,1,-1,-1,-1
170,2,391.34,113.05,42.55,147.87,1,-1,-1,-1
170,3,258.72,89.88,46.50,159.95,1,-1,-1,-1
170,5,195.84,90.98,41.81,153.99,1,-1,-1,-1
170,8,435.48,110.00,49.08,150.96,1,-1,-1,-1
170,9,336.27,109.95,38.42,139.62,1,-1,-1,-1
170,10,127.33,114.93,50.76,161.27,1,-1,-1,-1
171,2,389.29,113.05,42.57,148.02,1,-1,-1,-1
171,3,258.82,89.95,46.25,159.74,1,-1,-1,-1
171,5,195.84,90.99,41.78,153.98,1,-1,-1,-1
171,8,434.40,110.00,49.06,151.23,1,-1,-1,-1
171,9,335.06,109.95,38.41,139.40,1,-1,-1,-1
171,10,131.97,115.02,51.06,160.68,1,-1,-1,-1
172,2,387.25,113.04,42.58,148.16,1,-1,-1,-1
172,3,258.92,89.97,46.02,159.52,1,-1,-1,-1
172,5,195.84,90.99,41.75,153.97,1,-1,-1,-1
172,8,433.38,110.00,49.04,151.51,1,-1,-1,-1
172,9,333.37,109.95,38.41,139.18,1,-1,-1,-1
172,10,136.19,115.05,51.35,160.09,1,-1,-1,-1
173,2,385.21,113.04,42.59,148.31,1,-1,-1,-1
173,3,259.01,89.98,45.80,159.30,1,-1,-1,-1
173,5,195.85,90.99,41.73,153.96,1,-1,-1,-1
173,8,432.38,110.00,49.02,151.78,1,-1,-1,-1
173,9,332.15,109.96,38.42,138.95,1,-1,-1,-1
173,10,140.26,115.05,51.63,159.51,1,-1,-1,-1
174,2,383.18,113.03,42.61,148.45,1,-1,-1,-1
174,3,259.09,89.99,45.59,159.09,1,-1,-1,-1
174,5,195.85,90.99,41.69,153.94,1,-1,-1,-1
174,8,430.73,110.00,49.00,152.06,1,-1,-1,-1
174,9,330.45,109.96,38.43,138.73,1,-1,-1,-1
174,10,144.27,115.05,51.91,158.92,1,-1,-1,-1
175,2,381.15,113.03,42.63,148.60,1,-1,-1,-1
175,3,259.16,89.99,45.39,158.87,1,-1,-1,-1
175,5,195.86,90.99,41.67,153.93,1,-1,-1,-1
175,8,429.49,110.00,48.98,152.33,1,-1,-1,-1
175,9,329.22,109.97,38.45,138.51,1,-1,-1,-1
175,10,148.26,115.05,52.19,158.34,1,-1,-1,-1
176,2,379.13,113.03,42.65,148.74,1,-1,-1,-1
176,3,259.23,89.99,45.20,158.66,1,-1,-1,-1
176,5,195.86,90.99,41.64,153.92,1,-1,-1,-1
176,8,428.41,110.00,48.96,152.59,1,-1,-1,-1
176,9,327.51,109.97,38.48,138.29,1,-1,-1,-1
176,10,152.24,115.04,52.46,157.78,1,-1,-1,-1
177,2,377.11,113.02,42.67,148.88,1,-1,-1,-1
177,3,259.29,89.99,45.02,158.46,1,-1,-1,-1
177,5,195.86,90.99,41.61,153.91,1,-1,-1,-1
177,8,427.39,110.00,48.94,152.84,1,-1,-1,-1
177,9,326.28,109.98,38.51,138.09,1,-1,-1,-1
177,10,156.21,115.04,52.74,157.25,1,-1,-1,-1
178,2,375.75,113.02,42.68,148.99,1,-1,-1,-1
178,3,259.35,89.99,44.86,158.30,1,-1,-1,-1
178,5,195.87,90.33,41.58,153.90,1,-1,-1,-1
178,8,426.41,110.00,48.90,153.05,1,-1,-1,-1
178,9,325.21,109.98,38.56,137.92,1,-1,-1,-1
178,10,159.49,115.03,53.03,156.79,1,-1,-1,-1
179,2,374.64,113.02,42.69,149.08,1,-1,-1,-1
179,3,259.40,89.99,44.73,158.17,1,-1,-1,-1
179,5,195.87,90.08,41.56,153.90,1,-1,-1,-1
179,8,425.43,110.00,48.85,153.21,1,-1,-1,-1
179,9,324.20,109.98,38.61,137.79,1,-1,-1,-1
179,10,161.83,115.69,53.34,156.45,1,-1,-1,-1
