3,1,428.00,98.00,104.00,236.00,1,-1,-1,-1
3,2,342.13,87.46,96.63,219.28,1,-1,-1,-1
3,3,172.00,82.00,104.00,236.00,1,-1,-1,-1
3,4,68.75,104.00,94.55,214.55,1,-1,-1,-1
3,5,558.28,83.28,85.25,193.45,1,-1,-1,-1
3,6,509.12,119.68,53.07,120.44,1,-1,-1,-1
4,1,428.00,98.00,104.00,236.00,1,-1,-1,-1
4,2,347.65,83.60,101.84,231.09,1,-1,-1,-1
4,3,181.92,87.34,96.79,219.63,1,-1,-1,-1
4,4,74.40,117.74,88.53,200.90,1,-1,-1,-1
4,5,557.07,82.07,86.58,196.48,1,-1,-1,-1
4,6,500.60,116.38,55.75,126.52,1,-1,-1,-1
5,1,420.62,102.43,97.03,220.18,1,-1,-1,-1
5,2,349.18,82.45,103.40,234.63,1,-1,-1,-1
5,3,163.66,78.33,83.35,189.15,1,-1,-1,-1
5,4,65.75,122.12,86.61,196.55,1,-1,-1,-1
5,5,556.73,81.73,86.96,197.34,1,-1,-1,-1
5,6,503.92,108.83,56.56,128.36,1,-1,-1,-1
6,1,418.15,92.80,94.69,214.87,1,-1,-1,-1
6,2,345.18,86.30,109.63,248.77,1,-1,-1,-1
6,3,157.82,75.44,79.49,180.37,1,-1,-1,-1
6,4,63.09,123.28,86.11,195.40,1,-1,-1,-1
6,5,556.67,81.67,87.03,197.49,1,-1,-1,-1
6,6,503.23,106.73,56.77,128.83,1,-1,-1,-1
6,9,187.82,83.77,101.91,231.27,1,-1,-1,-1
7,1,390.12,96.15,100.81,228.76,1,-1,-1,-1
7,2,347.74,83.59,106.36,241.36,1,-1,-1,-1
7,3,156.27,74.67,78.55,178.26,1,-1,-1,-1
7,4,45.93,110.63,91.64,207.96,1,-1,-1,-1
7,5,556.70,81.70,87.01,197.44,1,-1,-1,-1
7,9,189.62,82.55,104.25,236.58,1,-1,-1,-1
7,10,447.00,104.25,94.55,214.55,1,-1,-1,-1
8,1,402.54,97.28,102.88,233.46,1,-1,-1,-1
8,2,356.85,97.66,98.48,223.46,1,-1,-1,-1
8,3,165.31,90.38,65.60,148.86,1,-1,-1,-1
8,4,40.12,106.25,93.56,212.32,1,-1,-1,-1
8,5,547.12,81.73,86.96,197.34,1,-1,-1,-1
8,9,198.42,97.89,98.08,222.57,1,-1,-1,-1
8,10,444.71,87.92,101.76,230.92,1,-1,-1,-1
9,1,398.43,97.17,103.00,233.73,1,-1,-1,-1
9,2,362.84,87.36,102.17,231.85,1,-1,-1,-1
9,3,158.80,79.08,75.25,170.76,1,-1,-1,-1
9,4,36.19,107.27,88.99,201.93,1,-1,-1,-1
9,5,543.65,81.77,86.92,197.25,1,-1,-1,-1
9,9,201.16,103.37,95.65,217.05,1,-1,-1,-1
9,10,443.98,82.59,104.08,236.18,1,-1,-1,-1
10,1,370.15,85.05,103.82,235.59,1,-1,-1,-1
10,2,366.55,87.66,102.25,232.04,1,-1,-1,-1
10,3,165.08,80.13,73.75,167.35,1,-1,-1,-1
10,4,26.82,104.94,92.65,210.25,1,-1,-1,-1
10,5,542.47,81.80,86.88,197.16,1,-1,-1,-1
10,9,199.71,127.02,89.23,202.49,1,-1,-1,-1
10,10,443.76,80.88,104.77,237.75,1,-1,-1,-1
11,1,363.60,82.41,104.01,236.03,1,-1,-1,-1
11,3,168.36,91.68,65.02,147.55,1,-1,-1,-1
11,4,23.62,94.16,93.94,213.18,1,-1,-1,-1
11,5,542.12,81.83,86.85,197.09,1,-1,-1,-1
11,9,203.52,135.09,87.81,199.28,1,-1,-1,-1
11,10,444.41,72.92,110.39,250.51,1,-1,-1,-1
11,13,222.91,122.06,86.55,196.41,1,-1,-1,-1
12,1,368.80,86.19,97.75,221.82,1,-1,-1,-1
12,3,160.19,80.01,74.92,170.01,1,-1,-1,-1
12,4,14.04,96.06,100.70,228.51,1,-1,-1,-1
12,5,542.08,81.86,86.83,197.03,1,-1,-1,-1
12,10,454.62,77.44,107.06,242.95,1,-1,-1,-1
12,13,228.96,124.51,81.14,184.12,1,-1,-1,-1
13,1,371.21,87.74,95.37,216.42,1,-1,-1,-1
13,2,451.64,82.66,103.85,235.65,1,-1,-1,-1
13,3,157.69,76.50,77.81,176.57,1,-1,-1,-1
13,4,9.93,100.68,97.10,220.36,1,-1,-1,-1
13,5,542.14,81.88,86.81,196.98,1,-1,-1,-1
13,6,513.57,135.76,79.40,180.18,1,-1,-1,-1
13,10,455.82,74.33,108.86,247.03,1,-1,-1,-1
13,13,229.35,109.00,90.81,206.08,1,-1,-1,-1
13,14,404.11,104.09,94.41,214.24,1,-1,-1,-1
14,1,372.27,88.33,94.55,214.55,1,-1,-1,-1
14,2,462.51,97.26,97.51,221.27,1,-1,-1,-1
14,3,156.32,75.42,77.15,175.07,1,-1,-1,-1
14,4,-1.30,98.64,101.88,231.19,1,-1,-1,-1
14,5,538.91,85.88,82.35,186.88,1,-1,-1,-1
14,6,507.33,128.04,84.73,192.28,1,-1,-1,-1
14,9,161.32,81.28,80.26,182.14,1,-1,-1,-1
14,13,235.00,107.13,88.25,200.26,1,-1,-1,-1
14,14,409.02,118.29,88.00,199.69,1,-1,-1,-1
15,1,354.63,73.08,100.65,228.39,1,-1,-1,-1
15,2,465.91,102.29,95.32,216.30,1,-1,-1,-1
15,4,-5.32,97.90,103.61,235.12,1,-1,-1,-1
15,5,532.33,83.35,85.17,193.27,1,-1,-1,-1
15,6,497.24,122.27,91.76,208.24,1,-1,-1,-1
15,9,169.58,92.02,59.31,134.60,1,-1,-1,-1
15,13,237.06,106.75,87.18,197.83,1,-1,-1,-1
15,14,387.17,91.54,99.61,226.03,1,-1,-1,-1
16,1,348.91,70.54,100.72,228.55,1,-1,-1,-1
16,2,476.24,89.16,100.95,229.09,1,-1,-1,-1
16,4,3.14,101.56,98.09,222.60,1,-1,-1,-1
16,5,530.02,82.44,86.17,195.55,1,-1,-1,-1
16,6,464.10,107.55,100.39,227.82,1,-1,-1,-1
16,9,172.66,95.81,52.61,119.38,1,-1,-1,-1
16,13,237.69,106.76,86.80,196.96,1,-1,-1,-1
16,14,380.72,83.69,103.00,233.73,1,-1,-1,-1
17,2,479.81,84.44,102.97,233.67,1,-1,-1,-1
17,3,163.62,83.62,68.81,156.14,1,-1,-1,-1
17,4,-13.89,99.04,102.18,231.88,1,-1,-1,-1
17,5,534.51,77.48,82.15,186.43,1,-1,-1,-1
17,6,450.67,101.56,103.84,235.63,1,-1,-1,-1
17,9,171.88,96.17,47.64,108.10,1,-1,-1,-1
17,13,242.61,93.88,92.06,208.90,1,-1,-1,-1
17,14,378.57,80.95,104.22,236.51,1,-1,-1,-1
18,2,480.71,82.62,103.76,235.45,1,-1,-1,-1
18,3,164.55,84.63,67.89,154.06,1,-1,-1,-1
18,4,-19.97,98.14,103.65,235.21,1,-1,-1,-1
18,5,536.38,84.35,80.60,182.89,1,-1,-1,-1
18,6,438.31,102.83,99.23,225.18,1,-1,-1,-1
18,13,244.34,89.31,93.94,213.19,1,-1,-1,-1
18,14,378.03,80.18,104.59,237.35,1,-1,-1,-1
18,18,586.32,106.66,54.01,122.55,1,-1,-1,-1
19,2,491.18,81.95,104.04,236.09,1,-1,-1,-1
19,3,164.83,84.94,67.59,153.38,1,-1,-1,-1
19,4,-20.78,101.73,98.01,222.42,1,-1,-1,-1
19,5,535.29,84.55,80.13,181.83,1,-1,-1,-1
19,6,433.43,103.39,97.15,220.46,1,-1,-1,-1
19,10,578.20,103.19,60.38,137.01,1,-1,-1,-1
19,13,248.86,100.28,89.43,202.95,1,-1,-1,-1
19,14,378.04,80.10,104.66,237.49,1,-1,-1,-1
19,18,584.39,105.69,58.20,132.08,1,-1,-1,-1
20,1,404.49,94.72,103.74,235.41,1,-1,-1,-1
20,2,494.82,81.72,104.14,236.31,1,-1,-1,-1
20,3,171.00,93.14,56.71,128.68,1,-1,-1,-1
20,4,-20.05,115.26,90.46,205.29,1,-1,-1,-1
20,6,429.27,102.92,99.46,225.70,1,-1,-1,-1
20,10,585.58,105.76,56.90,129.12,1,-1,-1,-1
20,13,246.41,102.10,92.96,210.95,1,-1,-1,-1
20,14,378.22,80.24,104.62,237.41,1,-1,-1,-1
21,1,421.01,97.16,104.02,236.04,1,-1,-1,-1
21,2,495.85,81.66,104.16,236.36,1,-1,-1,-1
21,3,173.38,96.27,52.64,119.46,1,-1,-1,-1
21,4,-19.47,120.29,87.65,198.91,1,-1,-1,-1
21,10,596.22,107.00,53.54,121.49,1,-1,-1,-1
21,13,256.01,102.78,80.90,183.58,1,-1,-1,-1
21,14,389.10,80.44,104.56,237.26,1,-1,-1,-1
22,1,424.03,97.97,104.34,236.77,1,-1,-1,-1
22,2,503.52,81.03,104.45,237.03,1,-1,-1,-1
22,3,167.69,88.66,62.87,142.67,1,-1,-1,-1
22,4,-13.68,155.30,60.34,136.94,1,-1,-1,-1
22,6,479.29,85.57,104.01,236.03,1,-1,-1,-1
22,13,258.26,92.72,90.19,204.67,1,-1,-1,-1
22,14,393.30,80.63,104.49,237.11,1,-1,-1,-1
23,2,496.27,81.64,104.17,236.38,1,-1,-1,-1
23,3,165.93,86.33,65.98,149.73,1,-1,-1,-1
23,4,-16.54,161.35,56.02,127.12,1,-1,-1,-1
23,6,445.42,93.22,104.78,237.76,1,-1,-1,-1
23,10,608.68,113.67,29.65,67.29,1,-1,-1,-1
23,13,259.07,89.42,93.17,211.42,1,-1,-1,-1
23,14,394.93,80.80,104.43,236.97,1,-1,-1,-1
24,2,504.15,86.45,97.75,221.81,1,-1,-1,-1
24,3,165.22,85.37,67.29,152.70,1,-1,-1,-1
24,6,443.06,92.23,106.94,242.68,1,-1,-1,-1
24,10,617.67,115.69,23.08,52.38,1,-1,-1,-1
24,13,262.52,100.61,89.20,202.41,1,-1,-1,-1
24,14,406.17,80.96,104.37,236.85,1,-1,-1,-1
25,2,506.75,88.20,95.42,216.53,1,-1,-1,-1
25,3,164.96,85.01,67.81,153.87,1,-1,-1,-1
25,13,270.41,92.48,92.85,210.71,1,-1,-1,-1
25,14,410.42,81.09,104.33,236.74,1,-1,-1,-1
26,1,414.19,83.75,104.15,236.33,1,-1,-1,-1
26,2,507.49,88.82,94.61,214.69,1,-1,-1,-1
26,3,164.87,84.88,68.00,154.32,1,-1,-1,-1
26,13,273.23,89.56,94.17,213.70,1,-1,-1,-1
26,14,411.91,79.64,104.85,237.92,1,-1,-1,-1
27,1,413.02,82.32,104.10,236.24,1,-1,-1,-1
27,2,509.57,84.35,100.67,228.44,1,-1,-1,-1
27,3,164.85,84.85,68.07,154.47,1,-1,-1,-1
27,5,604.42,119.88,27.61,62.66,1,-1,-1,-1
27,13,276.80,100.93,89.50,203.11,1,-1,-1,-1
28,1,446.46,74.54,109.40,248.26,1,-1,-1,-1
28,2,510.25,82.72,102.88,233.46,1,-1,-1,-1
28,3,164.85,84.85,68.09,154.52,1,-1,-1,-1
28,5,609.36,122.69,23.37,53.03,1,-1,-1,-1
28,13,284.71,92.74,92.93,210.87,1,-1,-1,-1
28,14,412.45,81.18,104.29,236.67,1,-1,-1,-1
29,1,487.85,78.83,106.16,240.89,1,-1,-1,-1
29,2,490.04,90.60,92.41,209.70,1,-1,-1,-1
29,3,164.86,84.86,68.10,154.53,1,-1,-1,-1
29,13,289.47,102.21,89.01,201.99,1,-1,-1,-1
29,14,412.53,81.43,104.20,236.46,1,-1,-1,-1
30,1,461.53,70.00,104.83,237.88,1,-1,-1,-1
30,2,502.93,84.83,100.12,227.20,1,-1,-1,-1
30,3,164.88,91.46,68.10,154.52,1,-1,-1,-1
30,13,289.09,93.29,92.72,210.41,1,-1,-1,-1
30,14,412.56,81.52,104.17,236.39,1,-1,-1,-1
31,1,466.04,68.22,104.96,238.17,1,-1,-1,-1
31,2,507.29,82.90,102.71,233.06,1,-1,-1,-1
31,3,164.89,93.96,68.09,154.51,1,-1,-1,-1
31,6,432.60,88.77,96.24,218.40,1,-1,-1,-1
31,13,301.30,99.86,80.84,183.45,1,-1,-1,-1
31,14,407.24,96.13,97.90,222.16,1,-1,-1,-1
32,2,519.30,82.15,103.71,235.35,1,-1,-1,-1
32,3,159.63,81.70,75.97,172.40,1,-1,-1,-1
32,6,464.38,88.75,95.06,215.73,1,-1,-1,-1
32,13,303.81,105.41,84.62,192.02,1,-1,-1,-1
32,14,424.79,91.61,95.48,216.66,1,-1,-1,-1
33,2,523.81,81.88,104.08,236.18,1,-1,-1,-1
33,3,162.75,83.53,71.30,161.80,1,-1,-1,-1
33,6,461.91,73.10,101.18,229.60,1,-1,-1,-1
33,13,304.67,107.25,85.86,194.83,1,-1,-1,-1
33,14,427.72,85.23,101.00,229.19,1,-1,-1,-1
34,2,525.37,81.80,104.20,236.46,1,-1,-1,-1
34,3,164.13,91.01,69.26,157.17,1,-1,-1,-1
34,6,461.02,67.57,103.34,234.51,1,-1,-1,-1
34,13,314.09,120.49,78.16,177.36,1,-1,-1,-1
34,14,428.74,82.94,102.98,233.69,1,-1,-1,-1
35,2,533.04,86.38,98.02,222.43,1,-1,-1,-1
35,3,164.65,93.79,68.49,155.43,1,-1,-1,-1
35,6,429.14,65.53,104.14,236.33,1,-1,-1,-1
35,13,317.46,115.27,79.11,179.51,1,-1,-1,-1
35,14,439.52,82.08,103.75,235.43,1,-1,-1,-1
36,1,531.79,86.95,95.31,216.28,1,-1,-1,-1
36,2,537.34,86.48,97.79,221.91,1,-1,-1,-1
36,3,164.85,94.80,68.21,154.78,1,-1,-1,-1
36,6,439.84,80.00,98.19,222.81,1,-1,-1,-1
36,13,318.56,110.77,83.91,190.42,1,-1,-1,-1
36,14,426.47,96.23,97.82,221.98,1,-1,-1,-1
37,1,536.41,88.59,94.55,214.56,1,-1,-1,-1
37,2,559.27,100.31,95.18,216.00,1,-1,-1,-1
37,3,170.89,96.48,57.47,130.40,1,-1,-1,-1
37,6,438.35,79.14,98.43,223.37,1,-1,-1,-1
37,13,318.89,109.11,85.68,194.43,1,-1,-1,-1
37,14,440.79,91.64,95.50,216.72,1,-1,-1,-1
38,1,538.00,89.10,94.30,213.99,1,-1,-1,-1
38,2,565.48,101.90,94.70,214.89,1,-1,-1,-1
38,3,161.20,81.45,73.12,165.93,1,-1,-1,-1
38,13,326.71,111.06,82.00,186.09,1,-1,-1,-1
38,14,445.92,89.95,94.68,214.84,1,-1,-1,-1
39,1,545.07,89.78,93.61,212.42,1,-1,-1,-1
39,2,546.46,86.38,102.00,231.47,1,-1,-1,-1
39,3,158.33,76.97,77.75,176.44,1,-1,-1,-1
39,6,445.28,87.29,95.19,216.02,1,-1,-1,-1
39,13,329.54,103.76,80.57,182.82,1,-1,-1,-1
39,14,428.29,99.35,94.39,214.20,1,-1,-1,-1
40,2,549.30,88.01,97.20,220.58,1,-1,-1,-1
40,3,157.13,75.12,79.69,180.84,1,-1,-1,-1
40,6,446.34,88.54,94.70,214.89,1,-1,-1,-1
40,13,331.11,97.74,84.51,191.78,1,-1,-1,-1
40,14,421.65,102.84,94.31,214.02,1,-1,-1,-1
40,37,476.00,104.00,94.55,214.55,1,-1,-1,-1
41,2,550.20,88.64,95.36,216.40,1,-1,-1,-1
41,3,156.69,74.44,80.41,182.48,1,-1,-1,-1
41,6,437.32,99.00,94.53,214.52,1,-1,-1,-1
41,13,339.45,98.82,81.60,185.17,1,-1,-1,-1
41,14,448.45,94.10,94.30,213.99,1,-1,-1,-1
41,37,476.00,104.00,94.55,214.55,1,-1,-1,-1
42,1,524.80,102.74,94.23,213.84,1,-1,-1,-1
42,2,550.42,88.88,94.70,214.89,1,-1,-1,-1
42,3,156.56,74.24,80.64,182.99,1,-1,-1,-1
42,6,455.98,95.51,80.98,183.77,1,-1,-1,-1
42,13,343.18,95.97,84.91,192.68,1,-1,-1,-1
42,14,468.43,124.03,80.85,183.46,1,-1,-1,-1
43,1,527.56,104.55,93.82,212.90,1,-1,-1,-1
43,2,544.40,84.30,100.76,228.66,1,-1,-1,-1
43,3,167.56,88.49,62.52,141.88,1,-1,-1,-1
43,6,461.27,95.42,84.49,191.74,1,-1,-1,-1
43,13,344.46,94.95,86.11,195.41,1,-1,-1,-1
43,14,485.15,113.76,84.40,191.51,1,-1,-1,-1
44,2,547.99,87.16,96.86,219.80,1,-1,-1,-1
44,3,160.03,78.78,74.95,170.09,1,-1,-1,-1
44,6,462.30,91.39,90.87,206.20,1,-1,-1,-1
44,13,362.48,103.11,86.57,196.45,1,-1,-1,-1
44,14,508.60,110.52,85.51,194.04,1,-1,-1,-1
44,37,349.22,95.42,87.03,197.51,1,-1,-1,-1
45,2,549.94,87.01,96.76,219.56,1,-1,-1,-1
45,3,157.86,75.97,78.52,178.18,1,-1,-1,-1
45,6,481.53,99.65,93.24,211.59,1,-1,-1,-1
45,13,374.47,108.91,82.36,186.89,1,-1,-1,-1
45,14,543.80,109.23,85.98,195.10,1,-1,-1,-1
45,37,338.84,94.72,86.42,196.11,1,-1,-1,-1
46,3,157.00,74.86,79.94,181.41,1,-1,-1,-1
46,6,496.86,105.50,89.02,202.00,1,-1,-1,-1
46,13,364.70,99.74,85.19,193.32,1,-1,-1,-1
46,14,556.62,108.69,86.19,195.58,1,-1,-1,-1
46,37,318.47,93.34,85.21,193.37,1,-1,-1,-1
47,1,436.95,69.71,103.04,233.83,1,-1,-1,-1
47,3,156.69,74.48,80.45,182.57,1,-1,-1,-1
47,6,520.76,107.72,87.35,198.22,1,-1,-1,-1
47,13,361.12,96.44,86.21,195.63,1,-1,-1,-1
47,14,565.59,105.80,91.54,207.73,1,-1,-1,-1
47,44,472.91,89.00,94.55,214.55,1,-1,-1,-1
48,1,432.12,81.81,97.61,221.49,1,-1,-1,-1
48,2,555.97,82.51,103.15,234.08,1,-1,-1,-1
48,3,156.61,74.39,80.60,182.90,1,-1,-1,-1
48,6,512.56,105.79,92.03,208.83,1,-1,-1,-1
48,13,350.39,103.72,86.59,196.51,1,-1,-1,-1
48,14,577.37,106.07,91.62,207.90,1,-1,-1,-1
48,44,476.34,89.00,94.55,214.55,1,-1,-1,-1
49,1,430.60,86.39,95.56,216.86,1,-1,-1,-1
49,2,522.47,96.73,97.56,221.40,1,-1,-1,-1
49,3,167.69,88.74,62.35,141.48,1,-1,-1,-1
49,4,170.30,189.35,25.78,58.50,1,-1,-1,-1
49,6,490.61,95.30,93.73,212.69,1,-1,-1,-1
49,13,363.92,97.99,86.73,196.82,1,-1,-1,-1
49,44,480.47,89.00,94.55,214.55,1,-1,-1,-1
49,47,359.65,157.15,86.67,196.67,1,-1,-1,-1
50,1,458.88,88.07,94.82,215.17,1,-1,-1,-1
50,2,549.90,91.83,95.51,216.75,1,-1,-1,-1
50,3,165.87,86.15,66.25,150.34,1,-1,-1,-1
50,4,176.97,190.68,24.46,55.50,1,-1,-1,-1
50,6,500.83,100.98,94.38,214.17,1,-1,-1,-1
50,13,368.98,95.81,86.77,196.91,1,-1,-1,-1
50,47,356.07,176.32,86.67,196.67,1,-1,-1,-1
51,1,479.50,88.70,94.55,214.56,1,-1,-1,-1
51,2,540.47,90.03,94.78,215.07,1,-1,-1,-1
51,3,171.32,93.37,56.72,128.71,1,-1,-1,-1
51,6,476.45,103.16,94.62,214.71,1,-1,-1,-1
51,13,379.34,95.01,86.78,196.93,1,-1,-1,-1
51,47,357.52,171.51,92.48,209.86,1,-1,-1,-1
52,1,468.02,98.89,94.46,214.36,1,-1,-1,-1
52,2,526.95,80.04,94.51,214.48,1,-1,-1,-1
52,3,161.34,80.54,72.94,165.51,1,-1,-1,-1
52,6,486.10,94.12,94.69,214.88,1,-1,-1,-1
52,13,383.14,94.74,86.78,196.92,1,-1,-1,-1
52,47,353.94,185.99,94.10,213.53,1,-1,-1,-1
52,50,430.34,94.54,75.54,171.43,1,-1,-1,-1
53,1,447.14,96.73,89.21,202.45,1,-1,-1,-1
53,2,511.94,85.63,94.43,214.28,1,-1,-1,-1
53,3,176.87,126.66,55.47,125.86,1,-1,-1,-1
53,6,479.89,100.52,94.71,214.92,1,-1,-1,-1
53,13,402.23,86.09,86.77,196.89,1,-1,-1,-1
53,14,569.18,90.32,94.36,214.13,1,-1,-1,-1
53,37,174.05,96.64,52.67,119.53,1,-1,-1,-1
53,50,431.31,92.29,73.70,167.25,1,-1,-1,-1
54,1,443.94,97.59,88.41,200.62,1,-1,-1,-1
54,2,506.38,87.75,94.41,214.24,1,-1,-1,-1
54,3,183.08,155.00,41.61,94.42,1,-1,-1,-1
54,6,451.81,97.03,89.51,203.13,1,-1,-1,-1
54,13,391.47,91.43,86.76,196.87,1,-1,-1,-1
54,14,575.32,89.15,94.64,214.76,1,-1,-1,-1
54,37,170.18,96.89,51.49,116.85,1,-1,-1,-1
55,1,440.15,99.68,81.56,185.09,1,-1,-1,-1
55,2,504.40,88.56,94.41,214.24,1,-1,-1,-1
55,3,184.88,162.61,38.91,88.30,1,-1,-1,-1
55,6,414.03,95.67,87.50,198.56,1,-1,-1,-1
55,13,395.35,90.60,86.90,197.19,1,-1,-1,-1
55,37,155.64,81.03,71.24,161.67,1,-1,-1,-1
56,1,427.09,105.85,84.73,192.26,1,-1,-1,-1
56,2,503.78,88.87,94.42,214.27,1,-1,-1,-1
56,6,400.44,95.17,86.78,196.93,1,-1,-1,-1
56,37,149.66,76.11,77.12,175.00,1,-1,-1,-1
57,1,405.54,99.17,85.71,194.51,1,-1,-1,-1
57,2,523.53,88.98,94.44,214.30,1,-1,-1,-1
57,6,413.07,103.69,86.53,196.37,1,-1,-1,-1
57,14,515.23,76.23,94.65,214.79,1,-1,-1,-1
57,37,148.49,74.14,79.67,180.80,1,-1,-1,-1
58,1,397.65,96.61,86.12,195.43,1,-1,-1,-1
58,2,523.31,89.06,94.26,213.89,1,-1,-1,-1
58,6,408.05,104.54,86.05,195.28,1,-1,-1,-1
58,13,421.14,82.71,86.74,196.84,1,-1,-1,-1
58,14,507.94,84.37,94.64,214.77,1,-1,-1,-1
58,37,148.85,73.52,80.62,182.95,1,-1,-1,-1
58,50,580.59,98.70,40.40,91.68,1,-1,-1,-1
59,1,394.95,95.62,86.30,195.84,1,-1,-1,-1
59,13,424.05,81.80,86.72,196.79,1,-1,-1,-1
59,14,513.43,91.07,89.42,202.92,1,-1,-1,-1
59,37,149.60,73.41,80.91,183.60,1,-1,-1,-1
59,50,601.30,98.87,35.27,80.03,1,-1,-1,-1
60,1,394.19,95.24,86.39,196.04,1,-1,-1,-1
60,2,520.44,89.03,94.45,214.32,1,-1,-1,-1
60,3,191.05,189.20,25.99,58.98,1,-1,-1,-1
60,13,425.03,98.74,86.71,196.77,1,-1,-1,-1
60,14,512.68,90.90,89.03,202.03,1,-1,-1,-1
60,37,161.42,87.76,62.77,142.45,1,-1,-1,-1
61,1,386.85,116.32,74.08,168.12,1,-1,-1,-1
61,2,519.99,89.03,94.47,214.39,1,-1,-1,-1
61,3,192.51,195.44,23.36,53.01,1,-1,-1,-1
61,6,407.28,104.33,75.39,171.09,1,-1,-1,-1
61,13,430.52,110.38,78.52,178.19,1,-1,-1,-1
61,37,155.69,78.28,75.13,170.49,1,-1,-1,-1
62,1,393.01,161.31,49.50,112.32,1,-1,-1,-1
62,2,519.53,89.09,94.37,214.15,1,-1,-1,-1
62,6,415.52,112.95,74.20,168.39,1,-1,-1,-1
62,13,435.16,112.26,77.68,176.28,1,-1,-1,-1
62,14,527.25,94.35,86.90,197.19,1,-1,-1,-1
62,37,153.30,75.44,78.71,178.62,1,-1,-1,-1
63,1,388.72,169.27,44.78,101.61,1,-1,-1,-1
63,6,398.07,96.38,77.73,176.39,1,-1,-1,-1
63,13,442.37,124.44,74.79,169.73,1,-1,-1,-1
63,14,529.45,94.87,86.57,196.46,1,-1,-1,-1
63,37,152.81,74.37,80.13,181.83,1,-1,-1,-1
64,2,551.10,105.11,87.82,199.28,1,-1,-1,-1
64,6,391.98,90.55,78.98,179.24,1,-1,-1,-1
64,13,433.87,108.37,78.09,177.20,1,-1,-1,-1
64,14,530.18,95.04,86.47,196.22,1,-1,-1,-1
64,37,152.98,74.05,80.62,182.95,1,-1,-1,-1
65,2,553.88,106.76,87.08,197.60,1,-1,-1,-1
65,6,384.54,84.39,83.91,190.42,1,-1,-1,-1
65,13,431.09,103.06,79.17,179.66,1,-1,-1,-1
65,14,530.41,95.10,86.45,196.17,1,-1,-1,-1
65,37,153.34,74.00,80.74,183.23,1,-1,-1,-1
66,2,535.17,97.60,86.60,196.52,1,-1,-1,-1
66,6,381.86,82.13,85.76,194.60,1,-1,-1,-1
66,13,429.90,101.03,79.61,180.65,1,-1,-1,-1
66,14,548.41,103.75,86.45,196.19,1,-1,-1,-1
66,37,153.72,74.06,80.74,183.21,1,-1,-1,-1
67,2,535.58,98.05,85.89,194.91,1,-1,-1,-1
67,6,377.76,85.24,82.12,186.36,1,-1,-1,-1
67,13,445.24,83.71,79.78,181.05,1,-1,-1,-1
67,14,540.49,94.36,91.71,208.11,1,-1,-1,-1
67,37,154.09,74.15,80.68,183.08,1,-1,-1,-1
68,6,376.43,86.58,80.68,183.09,1,-1,-1,-1
68,13,450.93,85.80,79.86,181.22,1,-1,-1,-1
68,14,542.71,94.77,88.54,200.92,1,-1,-1,-1
68,37,159.66,87.33,72.78,165.16,1,-1,-1,-1
69,6,397.42,91.79,84.60,191.98,1,-1,-1,-1
69,13,443.01,82.70,84.31,191.31,1,-1,-1,-1
69,14,552.81,94.93,87.26,198.03,1,-1,-1,-1
69,37,162.20,92.62,69.59,157.92,1,-1,-1,-1
70,6,384.32,89.15,81.69,185.38,1,-1,-1,-1
70,13,440.01,81.59,85.96,195.06,1,-1,-1,-1
70,14,551.16,81.68,92.04,208.86,1,-1,-1,-1
70,37,159.40,93.38,69.36,157.39,1,-1,-1,-1
70,44,166.19,94.98,68.12,154.58,1,-1,-1,-1
71,2,555.48,83.38,86.39,196.04,1,-1,-1,-1
71,6,376.57,91.48,76.72,174.10,1,-1,-1,-1
71,13,455.65,89.69,86.59,196.49,1,-1,-1,-1
71,14,538.20,72.30,88.67,201.23,1,-1,-1,-1
71,44,162.17,95.06,67.79,153.84,1,-1,-1,-1
72,2,557.20,90.99,86.46,196.19,1,-1,-1,-1
72,6,373.81,92.39,74.86,169.89,1,-1,-1,-1
72,13,454.42,96.15,82.46,187.11,1,-1,-1,-1
72,14,532.92,78.00,87.32,198.15,1,-1,-1,-1
72,44,163.10,85.30,72.01,163.40,1,-1,-1,-1
73,2,559.30,90.79,86.11,195.41,1,-1,-1,-1
73,6,372.92,92.73,74.22,168.43,1,-1,-1,-1
73,13,453.76,98.70,80.82,183.41,1,-1,-1,-1
73,14,548.93,80.19,86.82,197.02,1,-1,-1,-1
73,44,155.61,77.86,77.35,175.52,1,-1,-1,-1
74,6,367.34,89.50,77.85,176.67,1,-1,-1,-1
74,13,454.75,102.31,76.41,173.40,1,-1,-1,-1
74,14,549.56,76.40,91.88,208.49,1,-1,-1,-1
74,44,161.06,79.06,75.60,171.55,1,-1,-1,-1
75,6,365.36,88.33,79.19,179.69,1,-1,-1,-1
75,13,453.63,100.94,78.65,178.47,1,-1,-1,-1
75,14,537.45,79.56,88.63,201.13,1,-1,-1,-1
75,44,161.23,89.16,70.64,160.29,1,-1,-1,-1
76,6,364.74,87.90,79.71,180.88,1,-1,-1,-1
76,13,447.26,111.01,75.67,171.71,1,-1,-1,-1
76,14,559.18,89.57,87.32,198.15,1,-1,-1,-1
76,37,163.93,95.14,68.04,154.39,1,-1,-1,-1
76,44,154.68,88.84,70.31,159.55,1,-1,-1,-1
77,2,521.29,94.58,86.50,196.30,1,-1,-1,-1
77,6,364.62,87.76,79.91,181.33,1,-1,-1,-1
77,13,460.20,106.77,74.54,169.15,1,-1,-1,-1
77,14,562.56,96.62,82.39,186.97,1,-1,-1,-1
77,37,167.17,85.46,72.31,164.10,1,-1,-1,-1
78,2,526.60,86.01,86.56,196.42,1,-1,-1,-1
78,6,362.70,91.03,76.22,172.96,1,-1,-1,-1
78,13,449.43,113.24,74.15,168.27,1,-1,-1,-1
78,14,559.62,95.87,85.07,193.05,1,-1,-1,-1
78,37,165.58,91.48,69.62,157.98,1,-1,-1,-1
79,2,546.30,91.75,86.58,196.47,1,-1,-1,-1
79,6,362.11,92.31,74.80,169.74,1,-1,-1,-1
79,13,460.78,107.55,74.03,168.00,1,-1,-1,-1
79,14,540.74,87.02,86.03,195.21,1,-1,-1,-1
79,37,164.99,93.88,68.54,155.54,1,-1,-1,-1
80,2,535.83,85.31,86.59,196.49,1,-1,-1,-1
80,6,369.34,100.15,74.30,168.60,1,-1,-1,-1
80,13,462.95,90.71,82.28,186.70,1,-1,-1,-1
80,14,551.31,92.20,86.40,196.06,1,-1,-1,-1
80,37,164.79,94.76,68.15,154.64,1,-1,-1,-1
81,2,534.50,90.16,78.41,177.94,1,-1,-1,-1
81,6,372.08,103.03,74.13,168.22,1,-1,-1,-1
81,13,468.20,119.71,73.37,166.49,1,-1,-1,-1
81,14,555.33,100.12,78.37,177.83,1,-1,-1,-1
81,37,164.74,95.07,68.01,154.33,1,-1,-1,-1
82,2,545.72,96.91,79.19,179.70,1,-1,-1,-1
82,6,375.80,101.40,77.89,176.75,1,-1,-1,-1
82,13,474.98,106.77,77.75,176.44,1,-1,-1,-1
82,14,556.46,101.32,77.39,175.63,1,-1,-1,-1
82,37,172.05,95.17,67.96,154.22,1,-1,-1,-1
82,64,351.00,93.00,74.29,168.57,1,-1,-1,-1
83,2,540.87,91.20,79.47,180.34,1,-1,-1,-1
83,6,361.55,92.96,79.28,179.91,1,-1,-1,-1
83,13,477.31,102.38,79.24,179.81,1,-1,-1,-1
83,37,174.80,95.19,67.95,154.20,1,-1,-1,-1
83,64,371.61,98.34,78.65,178.47,1,-1,-1,-1
84,2,539.04,97.05,79.60,180.64,1,-1,-1,-1
84,6,356.02,89.65,79.82,181.13,1,-1,-1,-1
84,13,473.51,118.34,71.99,163.35,1,-1,-1,-1
84,14,498.46,94.45,74.44,168.93,1,-1,-1,-1
84,37,171.18,85.90,72.10,163.61,1,-1,-1,-1
84,64,378.78,100.20,80.17,181.91,1,-1,-1,-1
85,2,538.34,99.24,79.68,180.81,1,-1,-1,-1
85,6,353.97,88.39,80.02,181.58,1,-1,-1,-1
85,13,484.78,108.95,73.37,166.50,1,-1,-1,-1
85,14,507.65,89.99,78.00,177.01,1,-1,-1,-1
85,37,169.83,82.47,73.63,167.08,1,-1,-1,-1
86,2,535.43,102.69,75.93,172.30,1,-1,-1,-1
86,6,346.70,92.53,72.23,163.90,1,-1,-1,-1
86,13,488.66,103.03,77.65,176.21,1,-1,-1,-1
86,14,503.86,89.61,77.48,175.81,1,-1,-1,-1
86,37,169.30,81.15,74.22,168.41,1,-1,-1,-1
86,67,593.10,203.02,33.55,76.13,1,-1,-1,-1
87,2,553.98,101.24,78.41,177.93,1,-1,-1,-1
87,6,344.02,94.19,69.16,156.95,1,-1,-1,-1
87,13,519.25,103.44,75.53,171.40,1,-1,-1,-1
87,37,173.66,89.83,70.34,159.63,1,-1,-1,-1
87,67,591.49,200.50,33.55,76.13,1,-1,-1,-1
88,2,555.86,102.08,77.94,176.87,1,-1,-1,-1
88,6,340.44,93.42,72.37,164.22,1,-1,-1,-1
88,13,508.54,103.64,74.68,169.47,1,-1,-1,-1
88,14,528.36,101.73,74.60,169.30,1,-1,-1,-1
88,37,170.67,83.89,72.99,165.64,1,-1,-1,-1
88,64,385.30,106.09,58.51,132.77,1,-1,-1,-1
89,6,339.21,93.14,73.50,166.79,1,-1,-1,-1
89,13,524.29,97.75,82.60,187.44,1,-1,-1,-1
89,14,510.60,88.31,82.77,187.84,1,-1,-1,-1
89,37,169.60,81.76,73.95,167.80,1,-1,-1,-1
89,64,385.05,106.33,56.78,128.85,1,-1,-1,-1
90,6,338.85,93.04,73.95,167.81,1,-1,-1,-1
90,13,519.80,98.80,81.22,184.31,1,-1,-1,-1
90,14,527.34,103.28,81.10,184.03,1,-1,-1,-1
90,37,169.18,80.97,74.30,168.60,1,-1,-1,-1
90,64,385.28,106.49,56.27,127.68,1,-1,-1,-1
91,6,331.55,89.69,77.91,176.79,1,-1,-1,-1
91,13,515.63,101.92,76.86,174.40,1,-1,-1,-1
91,14,534.25,101.45,80.40,182.45,1,-1,-1,-1
91,37,173.61,89.88,70.33,159.58,1,-1,-1,-1
91,64,385.23,106.50,56.17,127.46,1,-1,-1,-1
92,6,328.88,88.45,79.38,180.13,1,-1,-1,-1
92,13,515.77,92.44,78.98,179.22,1,-1,-1,-1
92,14,536.86,100.72,80.14,181.85,1,-1,-1,-1
92,37,175.34,86.66,68.76,156.04,1,-1,-1,-1
92,64,385.09,106.45,56.21,127.56,1,-1,-1,-1
93,2,525.71,104.15,74.37,168.76,1,-1,-1,-1
93,6,327.96,87.98,79.94,181.41,1,-1,-1,-1
93,13,519.14,91.03,79.25,179.83,1,-1,-1,-1
93,14,537.48,101.25,80.11,181.78,1,-1,-1,-1
93,37,175.95,85.48,68.20,154.76,1,-1,-1,-1
93,64,387.01,107.24,55.00,124.81,1,-1,-1,-1
94,2,524.08,104.80,73.79,167.46,1,-1,-1,-1
94,6,327.72,87.82,80.14,181.86,1,-1,-1,-1
94,13,534.51,97.66,79.89,181.29,1,-1,-1,-1
94,14,519.32,91.04,80.02,181.58,1,-1,-1,-1
94,37,176.16,85.05,68.00,154.31,1,-1,-1,-1
95,6,327.72,87.78,80.20,181.99,1,-1,-1,-1
95,13,524.26,86.95,84.54,191.85,1,-1,-1,-1
95,14,517.99,90.45,79.98,181.50,1,-1,-1,-1
95,37,178.21,92.90,64.06,145.37,1,-1,-1,-1
96,6,319.94,91.06,76.46,173.50,1,-1,-1,-1
96,13,502.58,94.79,81.88,185.81,1,-1,-1,-1
96,14,514.57,88.40,79.99,181.52,1,-1,-1,-1
96,37,176.92,87.72,66.55,151.01,1,-1,-1,-1
97,6,317.06,92.35,74.99,170.17,1,-1,-1,-1
97,13,526.21,98.00,80.78,183.31,1,-1,-1,-1
97,14,496.77,96.01,79.99,181.51,1,-1,-1,-1
97,37,176.46,85.90,67.43,153.01,1,-1,-1,-1
97,64,376.20,106.27,66.95,151.92,1,-1,-1,-1
98,2,501.36,104.26,74.07,168.08,1,-1,-1,-1
98,6,316.10,92.82,74.46,168.96,1,-1,-1,-1
98,13,529.17,97.71,81.04,183.90,1,-1,-1,-1
98,14,517.68,86.78,84.40,191.53,1,-1,-1,-1
98,37,176.27,85.20,67.78,153.80,1,-1,-1,-1
98,64,381.09,111.91,60.82,138.02,1,-1,-1,-1
98,73,366.04,149.26,46.86,106.34,1,-1,-1,-1
99,2,500.13,112.43,69.83,158.46,1,-1,-1,-1
99,6,315.85,89.66,78.07,177.17,1,-1,-1,-1
99,14,525.42,83.38,86.03,195.22,1,-1,-1,-1
99,37,178.16,92.89,64.07,145.38,1,-1,-1,-1
99,64,380.47,108.88,61.76,140.16,1,-1,-1,-1
99,73,374.66,166.20,37.92,86.04,1,-1,-1,-1
100,2,503.19,147.23,54.66,124.03,1,-1,-1,-1
100,6,315.80,91.75,75.68,171.74,1,-1,-1,-1
100,14,533.68,93.79,82.31,186.78,1,-1,-1,-1
100,37,178.87,95.85,62.65,142.17,1,-1,-1,-1
100,64,381.56,111.74,55.39,125.69,1,-1,-1,-1
101,2,503.21,165.41,46.03,104.45,1,-1,-1,-1
101,6,315.92,92.59,74.73,169.58,1,-1,-1,-1
101,13,538.01,99.63,80.21,182.02,1,-1,-1,-1
101,14,534.72,93.83,82.45,187.11,1,-1,-1,-1
101,37,191.24,95.55,66.08,149.95,1,-1,-1,-1
101,64,381.97,112.82,52.88,120.00,1,-1,-1,-1
102,2,498.83,160.13,46.58,105.71,1,-1,-1,-1
102,6,312.71,94.23,70.22,159.34,1,-1,-1,-1
102,13,544.44,102.64,76.16,172.81,1,-1,-1,-1
102,14,561.72,93.19,76.11,172.70,1,-1,-1,-1
102,37,183.90,96.74,63.51,144.12,1,-1,-1,-1
102,44,197.39,106.92,62.22,141.19,1,-1,-1,-1
102,64,382.10,113.18,52.03,118.06,1,-1,-1,-1
102,74,514.54,162.87,47.89,108.68,1,-1,-1,-1
103,2,497.55,158.62,46.73,106.05,1,-1,-1,-1
103,6,307.52,93.49,72.77,165.14,1,-1,-1,-1
103,13,549.95,92.81,78.66,178.50,1,-1,-1,-1
103,14,565.43,93.15,75.58,171.52,1,-1,-1,-1
103,37,180.89,97.17,62.51,141.85,1,-1,-1,-1
103,44,199.26,107.65,61.91,140.48,1,-1,-1,-1
103,64,382.42,113.87,51.22,116.24,1,-1,-1,-1
103,67,391.61,180.93,26.03,59.06,1,-1,-1,-1
103,74,512.83,126.75,58.83,133.49,1,-1,-1,-1
104,2,488.85,150.24,49.76,112.91,1,-1,-1,-1
104,6,305.72,93.22,73.68,167.19,1,-1,-1,-1
104,13,527.53,89.35,79.54,180.50,1,-1,-1,-1
104,37,177.75,89.25,66.06,149.90,1,-1,-1,-1
104,67,380.14,179.58,25.60,58.09,1,-1,-1,-1
104,74,510.76,113.23,62.63,142.13,1,-1,-1,-1
105,2,481.84,127.80,61.61,139.80,1,-1,-1,-1
105,6,305.13,93.11,74.03,168.00,1,-1,-1,-1
105,13,516.85,106.50,72.00,163.39,1,-1,-1,-1
105,37,178.56,94.19,63.56,144.23,1,-1,-1,-1
106,2,468.13,144.50,53.38,121.13,1,-1,-1,-1
106,6,304.99,93.07,74.17,168.32,1,-1,-1,-1
106,13,491.29,113.31,69.04,156.67,1,-1,-1,-1
106,14,508.59,104.70,68.64,155.76,1,-1,-1,-1
106,37,176.87,94.83,66.47,150.83,1,-1,-1,-1
106,67,369.53,180.56,25.87,58.70,1,-1,-1,-1
106,77,566.52,93.07,74.20,168.38,1,-1,-1,-1
107,2,463.09,157.25,46.74,106.06,1,-1,-1,-1
107,6,305.02,93.05,74.23,168.44,1,-1,-1,-1
107,13,496.75,108.82,68.03,154.39,1,-1,-1,-1
107,14,487.24,113.11,67.91,154.10,1,-1,-1,-1
107,37,178.22,96.36,63.73,144.61,1,-1,-1,-1
107,64,370.04,170.85,29.73,67.45,1,-1,-1,-1
107,67,359.58,179.67,25.58,58.04,1,-1,-1,-1
107,77,569.12,93.22,74.03,168.00,1,-1,-1,-1
107,80,391.86,172.60,30.29,68.74,1,-1,-1,-1
108,2,458.21,158.76,45.73,103.77,1,-1,-1,-1
108,6,302.46,101.63,70.13,159.13,1,-1,-1,-1
108,13,498.82,107.17,67.71,153.65,1,-1,-1,-1
108,14,473.83,115.72,67.67,153.56,1,-1,-1,-1
108,37,176.75,88.90,66.54,151.00,1,-1,-1,-1
108,64,368.99,177.01,27.08,61.45,1,-1,-1,-1
108,77,573.49,102.91,69.38,157.45,1,-1,-1,-1
108,80,391.55,181.28,27.35,62.05,1,-1,-1,-1
109,6,301.58,104.91,68.56,155.57,1,-1,-1,-1
109,13,492.25,106.54,67.63,153.47,1,-1,-1,-1
109,14,469.18,116.59,67.62,153.44,1,-1,-1,-1
109,37,178.17,94.03,63.76,144.69,1,-1,-1,-1
109,77,574.71,106.05,67.91,154.10,1,-1,-1,-1
109,80,387.47,176.88,27.99,63.52,1,-1,-1,-1
110,6,303.34,106.06,60.49,137.27,1,-1,-1,-1
110,13,476.49,113.01,67.64,153.48,1,-1,-1,-1
110,14,488.53,110.11,67.64,153.48,1,-1,-1,-1
110,37,176.73,94.74,66.56,151.05,1,-1,-1,-1
110,77,579.30,97.54,72.01,163.42,1,-1,-1,-1
110,80,386.83,176.90,27.86,63.23,1,-1,-1,-1
111,6,307.66,111.31,54.07,122.69,1,-1,-1,-1
111,13,491.51,108.69,67.67,153.56,1,-1,-1,-1
111,14,467.81,114.34,67.67,153.57,1,-1,-1,-1
111,37,176.21,94.99,67.58,153.34,1,-1,-1,-1
111,77,580.79,94.66,73.41,166.58,1,-1,-1,-1
111,85,370.00,176.00,33.55,76.13,1,-1,-1,-1
112,6,304.19,108.75,59.27,134.49,1,-1,-1,-1
112,13,499.24,113.72,63.82,144.83,1,-1,-1,-1
112,14,460.23,115.87,67.71,153.66,1,-1,-1,-1
112,37,176.01,95.08,67.96,154.22,1,-1,-1,-1
112,77,581.18,93.55,73.95,167.82,1,-1,-1,-1
112,80,371.61,176.10,32.93,74.73,1,-1,-1,-1
112,85,370.00,176.00,33.55,76.13,1,-1,-1,-1
112,87,384.00,115.00,56.88,129.07,1,-1,-1,-1
113,2,386.31,117.38,56.13,127.36,1,-1,-1,-1
113,6,303.08,107.97,60.87,138.12,1,-1,-1,-1
113,13,500.22,108.77,66.38,150.64,1,-1,-1,-1
113,14,454.28,127.05,60.32,136.87,1,-1,-1,-1
113,37,175.95,95.10,68.10,154.53,1,-1,-1,-1
113,77,581.20,93.13,74.16,168.30,1,-1,-1,-1
113,80,369.54,175.99,33.60,76.24,1,-1,-1,-1
113,87,384.00,115.00,56.88,129.07,1,-1,-1,-1
114,2,381.29,114.66,56.79,128.86,1,-1,-1,-1
114,6,302.70,107.62,61.54,139.64,1,-1,-1,-1
114,13,502.56,113.63,63.44,143.96,1,-1,-1,-1
114,14,448.95,120.08,65.30,148.19,1,-1,-1,-1
114,37,178.55,85.90,72.25,163.94,1,-1,-1,-1
114,64,372.96,176.16,30.76,69.81,1,-1,-1,-1
114,77,577.74,89.63,78.08,177.17,1,-1,-1,-1
114,80,366.70,175.87,34.34,77.92,1,-1,-1,-1
115,2,377.19,108.57,60.47,137.21,1,-1,-1,-1
115,6,296.62,107.44,61.82,140.28,1,-1,-1,-1
115,13,503.49,115.50,62.34,141.46,1,-1,-1,-1
115,14,445.79,124.39,63.10,143.19,1,-1,-1,-1
115,37,179.53,82.47,73.79,167.44,1,-1,-1,-1
115,64,373.03,178.17,30.26,68.68,1,-1,-1,-1
115,77,586.24,94.24,67.88,154.04,1,-1,-1,-1
116,2,378.31,111.36,58.48,132.71,1,-1,-1,-1
116,6,294.37,107.35,61.94,140.57,1,-1,-1,-1
116,13,503.83,110.07,61.97,140.63,1,-1,-1,-1
116,14,443.57,130.05,58.67,133.14,1,-1,-1,-1
116,37,179.91,81.15,74.37,168.76,1,-1,-1,-1
116,77,589.55,96.17,63.68,144.51,1,-1,-1,-1
117,2,379.29,112.71,57.63,130.78,1,-1,-1,-1
117,6,293.59,107.29,62.01,140.71,1,-1,-1,-1
117,13,497.24,114.10,61.87,140.40,1,-1,-1,-1
117,14,454.77,146.52,53.71,121.88,1,-1,-1,-1
117,37,191.11,89.78,70.51,159.99,1,-1,-1,-1
117,64,373.03,181.21,30.56,69.36,1,-1,-1,-1
117,77,583.64,94.05,70.68,160.38,1,-1,-1,-1
118,2,379.92,113.32,57.29,130.00,1,-1,-1,-1
118,6,293.35,107.25,62.04,140.79,1,-1,-1,-1
118,13,494.81,115.58,61.86,140.38,1,-1,-1,-1
118,14,448.50,154.35,49.14,111.50,1,-1,-1,-1
118,37,184.13,83.88,73.12,165.92,1,-1,-1,-1
118,64,373.09,183.13,30.18,68.50,1,-1,-1,-1
118,77,590.80,101.79,61.69,139.98,1,-1,-1,-1
119,2,373.53,111.03,57.65,130.83,1,-1,-1,-1
119,6,293.32,100.59,62.07,140.85,1,-1,-1,-1
119,13,493.95,110.10,61.89,140.44,1,-1,-1,-1
119,14,445.26,158.84,47.07,106.80,1,-1,-1,-1
119,37,181.59,81.75,74.06,168.06,1,-1,-1,-1
119,44,409.47,184.45,26.26,59.59,1,-1,-1,-1
119,64,376.97,180.29,28.64,64.99,1,-1,-1,-1
119,77,592.76,102.70,60.50,137.29,1,-1,-1,-1
119,87,436.02,115.98,62.12,140.97,1,-1,-1,-1
120,2,380.15,113.57,57.14,129.66,1,-1,-1,-1
120,6,291.37,96.76,65.95,149.64,1,-1,-1,-1
120,13,493.66,108.03,61.92,140.51,1,-1,-1,-1
120,37,177.99,83.56,70.33,159.59,1,-1,-1,-1
120,44,421.36,188.79,24.25,55.02,1,-1,-1,-1
120,64,377.39,181.76,28.15,63.88,1,-1,-1,-1
120,87,439.33,135.76,55.43,125.79,1,-1,-1,-1
121,2,381.07,119.33,57.05,129.47,1,-1,-1,-1
121,6,292.61,96.64,63.62,144.36,1,-1,-1,-1
121,13,493.59,107.26,61.95,140.59,1,-1,-1,-1
121,37,179.25,81.65,73.02,165.69,1,-1,-1,-1
121,87,440.18,142.92,52.98,120.21,1,-1,-1,-1
122,2,376.55,118.27,57.30,130.02,1,-1,-1,-1
122,6,293.19,96.64,62.67,142.22,1,-1,-1,-1
122,13,493.60,106.98,61.99,140.66,1,-1,-1,-1
122,14,406.24,178.53,29.21,66.30,1,-1,-1,-1
122,37,183.62,90.09,69.91,158.65,1,-1,-1,-1
122,87,432.76,125.39,59.16,134.24,1,-1,-1,-1
123,2,385.20,116.27,61.17,138.81,1,-1,-1,-1
123,6,294.77,102.65,58.77,133.37,1,-1,-1,-1
123,13,487.66,106.89,62.01,140.72,1,-1,-1,-1
123,14,399.39,183.79,25.71,58.35,1,-1,-1,-1
123,37,181.32,84.09,72.85,165.30,1,-1,-1,-1
123,87,432.21,138.09,54.69,124.10,1,-1,-1,-1
124,2,391.20,109.14,65.89,149.52,1,-1,-1,-1
124,6,295.41,104.96,57.31,130.05,1,-1,-1,-1
124,13,488.11,112.17,58.50,132.74,1,-1,-1,-1
124,37,184.40,84.52,69.84,158.47,1,-1,-1,-1
124,64,378.08,160.19,28.17,63.92,1,-1,-1,-1
124,87,429.61,134.49,56.12,127.35,1,-1,-1,-1
125,2,387.06,106.51,67.63,153.46,1,-1,-1,-1
125,6,294.97,105.32,56.65,128.55,1,-1,-1,-1
125,13,488.36,114.20,57.18,129.74,1,-1,-1,-1
125,37,185.61,84.72,68.63,155.74,1,-1,-1,-1
125,64,378.41,159.11,27.86,63.23,1,-1,-1,-1
125,74,286.19,76.64,75.47,171.25,1,-1,-1,-1
125,87,422.70,122.61,60.16,136.52,1,-1,-1,-1
126,2,406.02,111.94,64.55,146.47,1,-1,-1,-1
126,6,283.78,97.19,65.57,148.79,1,-1,-1,-1
126,13,486.46,124.37,53.43,121.25,1,-1,-1,-1
126,37,188.04,92.82,64.30,145.91,1,-1,-1,-1
126,74,275.70,74.62,76.15,172.81,1,-1,-1,-1
126,80,387.38,117.68,61.67,139.95,1,-1,-1,-1
126,87,423.88,122.11,60.66,137.65,1,-1,-1,-1
127,2,407.14,114.22,63.25,143.53,1,-1,-1,-1
127,6,281.38,95.55,67.33,152.78,1,-1,-1,-1
127,13,485.82,128.10,52.09,118.21,1,-1,-1,-1
127,37,188.92,95.88,62.68,142.24,1,-1,-1,-1
127,73,380.59,162.26,28.20,63.98,1,-1,-1,-1
127,80,387.89,114.08,63.54,144.20,1,-1,-1,-1
128,2,406.76,113.38,63.77,144.71,1,-1,-1,-1
128,6,280.51,94.94,68.00,154.30,1,-1,-1,-1
128,13,485.62,129.34,51.66,117.24,1,-1,-1,-1
128,37,189.21,96.95,62.13,140.98,1,-1,-1,-1
128,73,378.04,157.07,30.80,69.90,1,-1,-1,-1
128,87,411.01,116.84,62.13,140.98,1,-1,-1,-1
129,2,398.35,107.48,67.19,152.48,1,-1,-1,-1
129,6,280.24,94.72,68.24,154.85,1,-1,-1,-1
129,13,478.14,120.91,58.48,132.70,1,-1,-1,-1
129,37,187.27,89.22,65.87,149.48,1,-1,-1,-1
129,73,381.38,161.14,28.70,65.13,1,-1,-1,-1
129,87,414.95,115.98,66.29,150.44,1,-1,-1,-1
130,2,410.88,119.21,64.19,145.67,1,-1,-1,-1
130,6,280.19,94.67,68.31,155.00,1,-1,-1,-1
130,13,475.49,117.96,60.86,138.11,1,-1,-1,-1
130,37,186.56,86.42,67.24,152.57,1,-1,-1,-1
130,73,383.56,163.58,27.31,61.98,1,-1,-1,-1
130,87,404.76,115.66,64.00,145.24,1,-1,-1,-1
131,2,411.05,119.15,64.63,146.65,1,-1,-1,-1
131,6,280.23,94.67,68.31,155.02,1,-1,-1,-1
131,13,476.46,125.15,55.22,125.30,1,-1,-1,-1
131,37,182.33,82.71,71.87,163.09,1,-1,-1,-1
131,87,400.67,115.59,63.03,143.03,1,-1,-1,-1
132,6,280.30,94.70,68.30,154.98,1,-1,-1,-1
132,13,472.24,123.96,56.23,127.61,1,-1,-1,-1
132,37,186.52,91.60,65.86,149.45,1,-1,-1,-1
132,87,397.19,109.00,66.49,150.87,1,-1,-1,-1
133,2,398.43,108.06,67.64,153.48,1,-1,-1,-1
133,6,280.37,94.72,68.27,154.93,1,-1,-1,-1
133,13,470.79,123.54,56.59,128.42,1,-1,-1,-1
133,37,188.26,95.31,63.35,143.76,1,-1,-1,-1
133,87,395.76,107.62,67.24,152.59,1,-1,-1,-1
134,2,391.76,113.01,64.22,145.72,1,-1,-1,-1
134,6,280.44,94.75,68.25,154.87,1,-1,-1,-1
134,13,467.01,118.73,60.26,136.75,1,-1,-1,-1
134,37,188.87,96.64,62.46,141.74,1,-1,-1,-1
135,2,389.37,114.84,62.96,142.86,1,-1,-1,-1
135,6,280.50,94.78,68.23,154.82,1,-1,-1,-1
135,13,468.86,121.46,58.18,132.02,1,-1,-1,-1
135,37,187.07,89.05,66.05,149.89,1,-1,-1,-1
136,2,388.55,109.53,62.49,141.81,1,-1,-1,-1
136,6,273.32,94.81,68.20,154.77,1,-1,-1,-1
136,13,466.41,117.90,60.88,138.14,1,-1,-1,-1
136,37,186.42,86.29,67.36,152.86,1,-1,-1,-1
136,74,289.07,105.17,68.28,154.95,1,-1,-1,-1
137,2,386.31,106.90,66.18,150.19,1,-1,-1,-1
137,6,284.46,102.08,68.19,154.73,1,-1,-1,-1
137,13,465.54,116.60,61.86,140.37,1,-1,-1,-1
137,37,186.16,85.24,67.87,154.01,1,-1,-1,-1
137,74,274.41,98.03,68.00,154.30,1,-1,-1,-1
138,2,385.52,105.95,67.54,153.27,1,-1,-1,-1
138,6,274.89,97.59,68.17,154.69,1,-1,-1,-1
138,13,460.71,109.59,66.02,149.82,1,-1,-1,-1
138,37,182.12,82.23,72.15,163.73,1,-1,-1,-1
138,74,271.18,98.74,67.61,153.41,1,-1,-1,-1
139,2,385.28,105.62,68.05,154.43,1,-1,-1,-1
139,6,271.28,95.87,68.15,154.66,1,-1,-1,-1
139,13,465.94,126.74,57.34,130.13,1,-1,-1,-1
139,37,178.03,83.69,69.74,158.26,1,-1,-1,-1
140,2,385.25,105.54,68.23,154.83,1,-1,-1,-1
140,6,263.36,95.22,68.14,154.63,1,-1,-1,-1
140,13,458.71,113.41,60.66,137.64,1,-1,-1,-1
140,37,179.07,81.68,72.86,165.34,1,-1,-1,-1
141,2,385.29,105.54,68.28,154.94,1,-1,-1,-1
141,6,260.42,94.99,68.13,154.60,1,-1,-1,-1
141,13,456.27,108.95,61.76,140.15,1,-1,-1,-1
141,37,176.87,83.54,69.97,158.77,1,-1,-1,-1
141,87,429.78,172.30,35.40,80.33,1,-1,-1,-1
141,98,2.02,117.49,56.36,127.91,1,-1,-1,-1
142,2,371.58,119.36,68.28,154.94,1,-1,-1,-1
142,6,259.39,94.91,68.12,154.58,1,-1,-1,-1
142,13,455.41,107.26,62.18,141.10,1,-1,-1,-1
142,37,189.98,90.97,68.78,156.08,1,-1,-1,-1
142,73,386.01,106.04,68.02,154.35,1,-1,-1,-1
142,87,431.58,176.30,33.46,75.93,1,-1,-1,-1
142,98,-12.04,102.69,76.02,172.51,1,-1,-1,-1
142,100,307.75,187.31,29.94,67.94,1,-1,-1,-1
143,2,380.21,110.84,68.26,154.90,1,-1,-1,-1
143,6,259.09,94.89,68.11,154.56,1,-1,-1,-1
143,13,455.16,106.66,62.33,141.43,1,-1,-1,-1
143,37,187.57,87.11,68.33,155.06,1,-1,-1,-1
143,64,308.47,192.67,28.29,64.19,1,-1,-1,-1
143,73,386.44,102.06,70.87,160.82,1,-1,-1,-1
143,80,365.93,114.23,68.80,156.12,1,-1,-1,-1
143,98,-15.91,96.39,84.10,190.84,1,-1,-1,-1
143,100,306.99,185.99,30.86,70.02,1,-1,-1,-1
144,2,373.05,114.15,64.41,146.16,1,-1,-1,-1
144,6,251.79,94.89,68.10,154.54,1,-1,-1,-1
144,13,455.13,112.39,62.37,141.53,1,-1,-1,-1
144,37,182.01,93.61,64.30,145.91,1,-1,-1,-1
144,64,304.93,194.29,28.29,64.19,1,-1,-1,-1
144,74,304.67,193.02,27.66,62.77,1,-1,-1,-1
144,80,388.50,107.84,68.36,155.13,1,-1,-1,-1
144,98,-0.87,121.81,75.00,170.19,1,-1,-1,-1
145,2,389.91,115.45,62.91,142.75,1,-1,-1,-1
145,6,249.10,94.90,68.09,154.52,1,-1,-1,-1
145,13,450.58,108.03,66.20,150.23,1,-1,-1,-1
145,37,179.87,96.10,62.76,142.42,1,-1,-1,-1
145,74,303.28,197.42,25.82,58.58,1,-1,-1,-1
145,80,372.93,106.22,68.30,154.98,1,-1,-1,-1
145,98,12.89,118.14,70.56,160.13,1,-1,-1,-1
146,2,370.58,115.91,62.36,141.52,1,-1,-1,-1
146,6,248.19,94.91,68.09,154.51,1,-1,-1,-1
146,13,453.41,112.85,63.88,144.96,1,-1,-1,-1
146,37,179.11,96.97,62.22,141.20,1,-1,-1,-1
146,64,298.81,189.59,28.32,64.26,1,-1,-1,-1
146,74,304.44,205.71,22.28,50.55,1,-1,-1,-1
146,80,377.35,106.35,64.34,145.99,1,-1,-1,-1
146,98,18.93,116.81,73.38,166.51,1,-1,-1,-1
147,2,363.48,116.07,62.17,141.08,1,-1,-1,-1
147,6,247.93,94.92,68.08,154.49,1,-1,-1,-1
147,13,450.03,108.21,66.76,151.50,1,-1,-1,-1
147,37,176.84,95.92,65.95,149.66,1,-1,-1,-1
147,64,295.35,190.50,28.32,64.26,1,-1,-1,-1
147,77,357.20,201.95,56.86,129.02,1,-1,-1,-1
147,80,392.21,112.69,62.81,142.52,1,-1,-1,-1
147,98,20.93,116.36,74.33,168.67,1,-1,-1,-1
148,2,360.77,116.35,61.90,140.47,1,-1,-1,-1
148,6,247.93,94.93,68.08,154.48,1,-1,-1,-1
148,13,448.81,106.52,67.81,153.88,1,-1,-1,-1
148,37,176.03,95.52,67.31,152.75,1,-1,-1,-1
148,73,365.18,110.88,65.69,149.06,1,-1,-1,-1
148,77,348.60,205.54,56.75,128.77,1,-1,-1,-1
148,80,397.49,114.98,62.27,141.31,1,-1,-1,-1
148,98,21.50,123.54,74.64,169.37,1,-1,-1,-1
149,2,360.37,116.13,62.09,140.90,1,-1,-1,-1
149,6,248.00,94.94,68.07,154.47,1,-1,-1,-1
149,13,447.09,106.54,64.42,146.17,1,-1,-1,-1
149,37,177.71,96.65,64.03,145.30,1,-1,-1,-1
149,73,347.78,107.29,63.81,144.81,1,-1,-1,-1
149,80,399.31,115.80,62.10,140.91,1,-1,-1,-1
149,98,30.91,108.21,78.52,178.19,1,-1,-1,-1
150,2,353.22,116.12,62.11,140.94,1,-1,-1,-1
150,6,248.10,94.94,68.07,154.46,1,-1,-1,-1
150,13,451.18,105.26,56.22,127.58,1,-1,-1,-1
150,37,178.41,97.06,62.74,142.37,1,-1,-1,-1
150,73,346.16,104.37,65.65,148.97,1,-1,-1,-1
150,80,399.88,116.08,62.05,140.80,1,-1,-1,-1
150,87,466.91,197.05,25.97,58.93,1,-1,-1,-1
150,98,34.32,102.49,79.95,181.42,1,-1,-1,-1
151,2,350.75,116.10,62.12,140.96,1,-1,-1,-1
151,6,248.20,94.95,68.07,154.46,1,-1,-1,-1
151,13,452.86,104.83,53.09,120.46,1,-1,-1,-1
151,37,176.67,89.16,66.18,150.17,1,-1,-1,-1
151,80,397.98,109.45,65.96,149.68,1,-1,-1,-1
151,87,470.63,200.02,24.76,56.19,1,-1,-1,-1
151,98,41.36,110.76,76.70,174.06,1,-1,-1,-1
152,2,349.93,116.09,62.13,140.98,1,-1,-1,-1
152,6,248.29,94.96,68.06,154.45,1,-1,-1,-1
152,13,447.23,105.40,55.41,125.75,1,-1,-1,-1
152,37,176.05,86.29,67.43,153.00,1,-1,-1,-1
152,80,399.20,113.55,63.59,144.30,1,-1,-1,-1
152,98,43.88,114.10,75.35,171.00,1,-1,-1,-1
153,2,349.73,116.08,62.14,141.01,1,-1,-1,-1
153,6,248.37,94.96,68.06,154.44,1,-1,-1,-1
153,13,446.64,106.27,59.77,135.64,1,-1,-1,-1
153,37,175.83,85.20,67.91,154.09,1,-1,-1,-1
153,73,391.29,105.48,63.41,143.90,1,-1,-1,-1
153,80,400.77,113.61,63.49,144.08,1,-1,-1,-1
153,98,44.66,115.35,74.83,169.80,1,-1,-1,-1
154,2,349.76,116.07,62.15,141.03,1,-1,-1,-1
154,6,248.45,94.97,68.06,154.44,1,-1,-1,-1
154,13,440.61,105.96,65.18,147.91,1,-1,-1,-1
154,37,175.77,91.36,68.08,154.49,1,-1,-1,-1
154,73,397.53,105.93,62.92,142.78,1,-1,-1,-1
154,98,48.36,115.47,75.25,170.76,1,-1,-1,-1
155,2,343.90,129.97,55.39,125.69,1,-1,-1,-1
155,6,248.51,94.97,68.06,154.43,1,-1,-1,-1
155,13,438.30,105.85,67.28,152.67,1,-1,-1,-1
155,37,175.76,87.17,68.14,154.62,1,-1,-1,-1
155,73,394.24,93.41,74.61,169.30,1,-1,-1,-1
155,100,349.40,105.75,51.88,117.74,1,-1,-1,-1
156,2,341.80,135.36,52.78,119.76,1,-1,-1,-1
156,6,248.57,94.97,68.05,154.43,1,-1,-1,-1
156,13,436.81,112.25,64.34,146.00,1,-1,-1,-1
156,37,175.78,85.58,68.15,154.65,1,-1,-1,-1
156,73,396.66,90.41,76.80,174.27,1,-1,-1,-1
156,80,390.79,115.76,62.33,141.43,1,-1,-1,-1
156,98,59.35,115.95,69.28,157.21,1,-1,-1,-1
156,100,352.26,99.90,53.50,121.41,1,-1,-1,-1
157,2,341.16,137.15,51.91,117.79,1,-1,-1,-1
157,6,242.01,94.98,68.05,154.43,1,-1,-1,-1
157,13,436.99,108.21,66.97,151.97,1,-1,-1,-1
157,37,177.78,92.90,64.32,145.94,1,-1,-1,-1
157,80,390.90,116.01,62.14,141.01,1,-1,-1,-1
157,98,61.00,123.82,68.32,155.02,1,-1,-1,-1
158,2,341.02,137.71,51.64,117.17,1,-1,-1,-1
158,6,239.57,94.98,68.05,154.42,1,-1,-1,-1
158,13,436.43,113.20,64.16,145.59,1,-1,-1,-1
158,37,176.54,87.65,66.75,151.48,1,-1,-1,-1
158,80,389.41,116.05,62.17,141.07,1,-1,-1,-1
158,98,65.61,118.87,72.23,163.91,1,-1,-1,-1
159,2,334.28,117.53,58.49,132.73,1,-1,-1,-1
159,6,245.31,94.98,68.05,154.42,1,-1,-1,-1
159,13,436.31,115.18,63.00,142.96,1,-1,-1,-1
159,37,178.07,93.65,63.81,144.80,1,-1,-1,-1
159,80,390.47,97.06,74.24,168.46,1,-1,-1,-1
159,98,74.40,117.10,73.63,167.09,1,-1,-1,-1
160,2,337.00,120.65,57.49,130.47,1,-1,-1,-1
160,6,247.52,94.98,68.05,154.42,1,-1,-1,-1
160,13,411.09,115.90,62.56,141.96,1,-1,-1,-1
160,37,176.66,87.95,66.57,151.06,1,-1,-1,-1
160,80,390.53,95.15,75.43,171.17,1,-1,-1,-1
160,98,77.65,116.40,74.17,168.30,1,-1,-1,-1
161,2,333.02,117.38,60.61,137.53,1,-1,-1,-1
161,6,248.38,94.99,68.05,154.42,1,-1,-1,-1
161,13,395.12,116.16,62.38,141.56,1,-1,-1,-1
161,37,176.16,85.90,67.56,153.31,1,-1,-1,-1
161,80,425.27,110.25,65.86,149.46,1,-1,-1,-1
161,98,81.98,116.37,74.50,169.06,1,-1,-1,-1
162,2,331.58,116.18,61.76,140.15,1,-1,-1,-1
162,6,246.74,96.31,64.20,145.69,1,-1,-1,-1
162,13,389.27,116.23,62.31,141.40,1,-1,-1,-1
162,37,177.94,92.99,64.12,145.51,1,-1,-1,-1
162,80,434.40,114.14,63.39,143.85,1,-1,-1,-1
163,2,331.11,115.74,62.20,141.14,1,-1,-1,-1
163,6,248.15,88.70,66.67,151.28,1,-1,-1,-1
163,13,387.28,116.24,62.28,141.33,1,-1,-1,-1
163,37,179.32,85.01,70.89,160.87,1,-1,-1,-1
163,80,436.69,126.20,58.99,133.85,1,-1,-1,-1
164,2,331.01,115.61,62.35,141.49,1,-1,-1,-1
164,6,246.68,93.88,63.72,144.59,1,-1,-1,-1
164,13,386.73,116.22,62.27,141.30,1,-1,-1,-1
164,37,179.17,92.43,65.57,148.79,1,-1,-1,-1
164,80,431.17,119.65,61.04,138.50,1,-1,-1,-1
165,2,330.39,120.17,58.90,133.66,1,-1,-1,-1
165,6,248.14,87.87,66.50,150.90,1,-1,-1,-1
165,13,380.76,116.20,62.26,141.28,1,-1,-1,-1
165,37,177.07,87.48,67.23,152.55,1,-1,-1,-1
165,64,146.82,185.21,39.89,90.52,1,-1,-1,-1
165,80,415.97,117.37,65.61,148.88,1,-1,-1,-1
166,2,330.25,116.62,57.54,130.57,1,-1,-1,-1
166,6,250.63,93.57,60.19,136.58,1,-1,-1,-1
166,13,378.68,116.18,62.25,141.27,1,-1,-1,-1
166,37,176.32,85.72,67.82,153.89,1,-1,-1,-1
166,64,141.44,200.34,33.03,74.94,1,-1,-1,-1
166,80,410.25,116.51,67.32,152.76,1,-1,-1,-1
167,2,330.92,109.99,60.62,137.56,1,-1,-1,-1
167,6,254.38,95.91,61.36,139.23,1,-1,-1,-1
167,13,378.07,116.16,62.25,141.26,1,-1,-1,-1
167,37,178.01,92.95,64.21,145.71,1,-1,-1,-1
167,64,133.76,201.16,33.12,75.16,1,-1,-1,-1
167,80,409.81,116.47,67.86,153.98,1,-1,-1,-1
167,98,100.47,116.01,74.42,168.87,1,-1,-1,-1
167,112,419.42,106.00,68.04,154.40,1,-1,-1,-1
168,2,330.54,112.79,58.26,132.21,1,-1,-1,-1
168,6,251.01,88.72,65.64,148.96,1,-1,-1,-1
168,13,378.01,116.14,62.25,141.25,1,-1,-1,-1
168,37,176.66,87.69,66.72,151.41,1,-1,-1,-1
168,98,108.93,107.64,74.38,168.77,1,-1,-1,-1
168,112,416.73,106.00,68.04,154.40,1,-1,-1,-1
169,2,324.45,108.64,60.88,138.16,1,-1,-1,-1
169,6,249.75,86.07,67.23,152.55,1,-1,-1,-1
169,13,374.83,109.51,66.09,149.97,1,-1,-1,-1
169,37,178.14,93.67,63.81,144.80,1,-1,-1,-1
169,98,119.68,104.93,74.36,168.75,1,-1,-1,-1
169,112,416.08,106.00,68.04,154.40,1,-1,-1,-1
170,2,322.26,107.15,61.84,140.32,1,-1,-1,-1
170,6,249.26,91.58,67.84,153.95,1,-1,-1,-1
170,13,371.35,108.98,66.55,151.02,1,-1,-1,-1
170,37,176.71,87.97,66.58,151.08,1,-1,-1,-1
170,80,415.95,107.27,68.22,154.80,1,-1,-1,-1
170,98,123.54,103.96,74.36,168.73,1,-1,-1,-1
170,112,385.95,106.00,68.04,154.40,1,-1,-1,-1
171,2,321.48,106.62,62.19,141.13,1,-1,-1,-1
171,6,247.10,95.06,64.26,145.82,1,-1,-1,-1
171,37,178.81,83.30,71.66,162.60,1,-1,-1,-1
171,73,401.86,177.34,35.60,80.79,1,-1,-1,-1
171,80,416.74,106.13,68.23,154.83,1,-1,-1,-1
171,98,124.80,103.63,74.35,168.71,1,-1,-1,-1
171,112,377.10,106.00,68.04,154.40,1,-1,-1,-1
172,2,321.25,106.47,62.32,141.42,1,-1,-1,-1
172,6,246.27,96.42,62.85,142.62,1,-1,-1,-1
172,13,408.27,106.32,67.95,154.19,1,-1,-1,-1
172,37,177.05,84.10,69.58,157.89,1,-1,-1,-1
172,73,372.20,162.39,33.56,76.16,1,-1,-1,-1
172,77,129.08,149.82,56.86,129.03,1,-1,-1,-1
172,80,417.03,105.24,68.61,155.70,1,-1,-1,-1
172,98,129.19,102.66,74.45,168.94,1,-1,-1,-1
173,2,321.22,106.45,62.36,141.50,1,-1,-1,-1
173,6,245.97,96.91,62.34,141.47,1,-1,-1,-1
173,13,423.14,126.80,57.35,130.15,1,-1,-1,-1
173,37,176.98,83.45,69.97,158.78,1,-1,-1,-1
173,73,368.89,164.04,31.69,71.91,1,-1,-1,-1
173,77,122.01,125.93,64.49,146.34,1,-1,-1,-1
173,98,166.66,88.67,69.47,157.65,1,-1,-1,-1
174,2,321.27,106.48,62.36,141.51,1,-1,-1,-1
174,6,245.88,97.08,62.17,141.07,1,-1,-1,-1
174,13,428.57,140.02,53.41,121.21,1,-1,-1,-1
174,77,126.31,117.94,67.01,152.06,1,-1,-1,-1
174,80,381.79,105.60,68.25,154.89,1,-1,-1,-1
174,98,175.57,85.40,68.34,155.08,1,-1,-1,-1
175,2,321.34,106.53,62.35,141.49,1,-1,-1,-1
175,6,245.86,97.13,62.11,140.94,1,-1,-1,-1
175,13,421.28,124.20,63.27,143.57,1,-1,-1,-1
175,37,176.13,84.54,68.47,155.38,1,-1,-1,-1
175,77,133.68,138.68,57.69,130.92,1,-1,-1,-1
175,80,372.73,112.49,64.22,145.72,1,-1,-1,-1
175,98,183.61,82.93,67.82,153.90,1,-1,-1,-1
176,2,321.41,106.58,62.34,141.46,1,-1,-1,-1
176,6,245.86,97.13,62.10,140.92,1,-1,-1,-1
176,13,427.20,137.43,56.33,127.83,1,-1,-1,-1
176,37,176.00,84.73,68.23,154.83,1,-1,-1,-1
176,77,134.80,145.09,57.09,129.56,1,-1,-1,-1
176,80,369.66,114.90,62.81,142.52,1,-1,-1,-1
177,2,321.48,106.63,62.32,141.43,1,-1,-1,-1
177,6,247.86,95.80,65.97,149.70,1,-1,-1,-1
177,13,428.96,155.55,47.65,108.12,1,-1,-1,-1
177,37,177.94,92.75,64.28,145.87,1,-1,-1,-1
177,77,137.25,138.53,60.49,137.26,1,-1,-1,-1
177,80,368.68,115.76,62.31,141.39,1,-1,-1,-1
178,2,314.94,98.76,66.15,150.11,1,-1,-1,-1
178,6,242.13,95.30,67.40,152.94,1,-1,-1,-1
178,13,430.64,159.30,46.27,104.99,1,-1,-1,-1
178,37,176.65,87.68,66.73,151.42,1,-1,-1,-1
178,77,138.21,136.18,61.71,140.04,1,-1,-1,-1
178,80,371.12,135.47,55.30,125.49,1,-1,-1,-1
178,118,406.33,91.84,72.18,163.79,1,-1,-1,-1
179,2,313.17,103.58,63.82,144.82,1,-1,-1,-1
179,6,244.44,96.41,64.16,145.59,1,-1,-1,-1
179,37,172.26,74.72,79.83,181.15,1,-1,-1,-1
179,73,359.93,191.89,33.47,75.95,1,-1,-1,-1
179,77,142.04,114.40,70.08,159.02,1,-1,-1,-1
179,80,378.65,175.21,37.82,85.83,1,-1,-1,-1
179,118,402.21,87.25,81.01,183.83,1,-1,-1,-1
