3,1,184.25,93.26,79.53,227.24,1,-1,-1,-1
3,2,84.80,101.12,65.99,219.69,1,-1,-1,-1
3,3,575.84,84.39,62.05,199.09,1,-1,-1,-1
3,4,354.77,80.53,92.52,249.69,1,-1,-1,-1
3,5,439.98,90.18,91.84,241.11,1,-1,-1,-1
3,6,515.32,113.39,44.89,122.11,1,-1,-1,-1
4,1,191.08,91.68,79.56,227.97,1,-1,-1,-1
4,2,75.73,103.38,66.09,217.57,1,-1,-1,-1
4,3,575.15,85.28,61.88,197.85,1,-1,-1,-1
4,4,358.73,81.88,91.82,247.12,1,-1,-1,-1
4,5,443.54,89.71,91.21,240.38,1,-1,-1,-1
4,6,516.07,113.93,44.55,121.34,1,-1,-1,-1
5,1,198.81,90.81,79.95,229.00,1,-1,-1,-1
5,2,69.77,105.10,67.08,217.41,1,-1,-1,-1
5,3,574.44,86.17,61.92,196.93,1,-1,-1,-1
5,4,361.13,84.16,91.24,244.99,1,-1,-1,-1
5,5,447.03,89.29,89.61,236.98,1,-1,-1,-1
5,6,515.49,114.16,45.00,122.89,1,-1,-1,-1
5,8,180.41,95.45,37.49,156.46,1,-1,-1,-1
6,1,204.44,91.19,79.84,228.43,1,-1,-1,-1
6,2,65.05,105.84,68.23,217.14,1,-1,-1,-1
6,3,572.92,86.82,62.22,196.20,1,-1,-1,-1
6,4,363.74,84.97,91.31,244.63,1,-1,-1,-1
6,5,449.72,88.46,88.75,235.96,1,-1,-1,-1
6,6,514.65,114.11,44.54,121.73,1,-1,-1,-1
6,8,180.80,95.42,37.97,158.10,1,-1,-1,-1
7,1,211.78,92.30,79.72,227.25,1,-1,-1,-1
7,2,60.95,105.34,69.53,217.82,1,-1,-1,-1
7,3,571.56,87.76,62.52,195.24,1,-1,-1,-1
7,4,365.95,85.96,91.79,245.33,1,-1,-1,-1
7,5,453.41,87.17,88.34,236.04,1,-1,-1,-1
7,6,514.59,114.06,43.83,120.20,1,-1,-1,-1
7,8,181.67,95.75,38.12,157.61,1,-1,-1,-1
8,1,216.75,93.84,79.67,225.72,1,-1,-1,-1
8,2,56.01,104.08,70.66,219.51,1,-1,-1,-1
8,3,567.68,88.64,62.90,194.29,1,-1,-1,-1
8,4,367.85,86.43,91.34,243.84,1,-1,-1,-1
8,5,455.88,86.60,87.75,235.85,1,-1,-1,-1
8,6,514.47,114.25,43.65,119.72,1,-1,-1,-1
8,8,182.37,95.62,38.51,157.95,1,-1,-1,-1
9,1,222.82,95.71,79.59,223.71,1,-1,-1,-1
9,2,51.58,102.42,71.31,221.71,1,-1,-1,-1
9,3,565.69,88.99,63.30,194.04,1,-1,-1,-1
9,4,370.10,85.81,91.45,243.92,1,-1,-1,-1
9,5,458.94,86.88,86.88,235.40,1,-1,-1,-1
9,8,182.44,95.76,38.75,157.58,1,-1,-1,-1
10,1,227.76,97.09,79.89,222.31,1,-1,-1,-1
10,2,44.99,101.77,71.04,222.92,1,-1,-1,-1
10,3,564.79,88.69,63.80,194.24,1,-1,-1,-1
10,4,371.70,84.64,91.61,244.29,1,-1,-1,-1
10,5,462.85,86.98,86.16,235.28,1,-1,-1,-1
10,8,182.08,96.02,39.04,157.36,1,-1,-1,-1
11,1,230.69,98.13,80.32,221.25,1,-1,-1,-1
11,2,38.19,100.42,70.33,223.45,1,-1,-1,-1
11,3,560.45,87.69,63.57,194.37,1,-1,-1,-1
11,4,373.45,83.26,91.53,244.46,1,-1,-1,-1
11,5,468.63,87.38,85.86,234.94,1,-1,-1,-1
11,8,181.62,96.24,39.36,157.21,1,-1,-1,-1
12,1,234.07,98.73,80.66,220.19,1,-1,-1,-1
12,2,31.84,99.88,69.60,224.12,1,-1,-1,-1
12,3,556.90,87.29,63.18,194.15,1,-1,-1,-1
12,4,375.73,82.11,90.29,241.30,1,-1,-1,-1
12,5,472.46,88.61,86.13,234.78,1,-1,-1,-1
12,8,181.26,96.32,39.68,157.29,1,-1,-1,-1
13,1,238.29,97.99,80.85,219.72,1,-1,-1,-1
13,2,26.18,98.90,69.04,224.79,1,-1,-1,-1
13,3,554.79,86.96,62.93,194.14,1,-1,-1,-1
13,4,378.17,81.26,89.93,240.55,1,-1,-1,-1
13,5,476.46,89.43,86.41,234.26,1,-1,-1,-1
13,8,180.89,96.18,40.02,157.34,1,-1,-1,-1
13,9,605.60,104.79,33.43,134.35,1,-1,-1,-1
14,1,242.02,96.05,80.42,218.82,1,-1,-1,-1
14,2,16.85,98.62,69.59,225.75,1,-1,-1,-1
14,3,552.85,87.14,62.35,192.91,1,-1,-1,-1
14,4,381.34,80.78,89.77,240.14,1,-1,-1,-1
14,5,480.12,90.13,86.20,232.89,1,-1,-1,-1
14,8,180.58,95.67,40.45,157.85,1,-1,-1,-1
14,9,604.13,106.87,33.15,132.25,1,-1,-1,-1
15,1,244.90,93.63,80.24,218.98,1,-1,-1,-1
15,2,7.82,97.68,71.26,227.35,1,-1,-1,-1
15,3,551.11,87.19,62.06,192.39,1,-1,-1,-1
15,4,383.66,80.50,89.72,240.00,1,-1,-1,-1
15,5,482.91,90.46,86.62,232.41,1,-1,-1,-1
15,8,180.23,95.13,40.90,158.56,1,-1,-1,-1
15,9,603.36,107.91,33.30,131.63,1,-1,-1,-1
16,1,247.45,91.85,80.25,220.01,1,-1,-1,-1
16,2,4.08,98.33,72.48,227.82,1,-1,-1,-1
16,3,547.25,87.14,62.00,192.15,1,-1,-1,-1
16,4,386.30,80.49,89.79,240.12,1,-1,-1,-1
16,5,484.05,90.56,86.77,231.92,1,-1,-1,-1
16,8,180.02,94.83,41.20,158.82,1,-1,-1,-1
16,9,602.30,108.70,33.58,131.00,1,-1,-1,-1
17,1,249.97,91.22,79.69,220.11,1,-1,-1,-1
17,2,2.71,101.32,72.96,226.05,1,-1,-1,-1
17,3,545.31,87.19,62.15,193.20,1,-1,-1,-1
17,4,389.76,81.05,89.53,239.80,1,-1,-1,-1
17,5,485.18,90.86,86.32,230.70,1,-1,-1,-1
17,8,179.55,94.73,41.44,158.86,1,-1,-1,-1
17,9,601.09,108.71,34.15,131.10,1,-1,-1,-1
18,1,252.28,90.93,78.91,220.08,1,-1,-1,-1
18,2,2.30,103.16,73.44,224.45,1,-1,-1,-1
18,3,546.24,87.71,60.83,191.61,1,-1,-1,-1
18,4,393.46,82.08,89.32,238.90,1,-1,-1,-1
18,5,486.32,90.93,85.95,230.22,1,-1,-1,-1
18,8,179.09,94.68,41.68,158.81,1,-1,-1,-1
18,9,599.38,108.52,34.94,131.19,1,-1,-1,-1
19,1,256.03,91.41,78.27,219.43,1,-1,-1,-1
19,2,1.91,103.79,74.16,224.06,1,-1,-1,-1
19,3,546.99,88.24,59.53,189.21,1,-1,-1,-1
19,4,398.00,83.49,89.18,237.39,1,-1,-1,-1
19,5,488.39,90.80,85.83,230.12,1,-1,-1,-1
19,8,178.96,94.61,41.90,159.05,1,-1,-1,-1
19,9,597.74,107.92,35.96,131.78,1,-1,-1,-1
20,1,260.91,92.65,77.99,217.83,1,-1,-1,-1
20,2,0.94,103.33,74.66,223.95,1,-1,-1,-1
20,3,546.83,88.71,58.49,189.05,1,-1,-1,-1
20,4,402.52,84.98,88.93,235.57,1,-1,-1,-1
20,5,493.39,89.08,86.00,230.30,1,-1,-1,-1
20,8,178.74,94.47,41.99,159.12,1,-1,-1,-1
20,9,596.10,108.48,36.81,131.34,1,-1,-1,-1
21,1,266.50,95.35,77.66,215.35,1,-1,-1,-1
21,2,-1.07,102.51,74.89,224.81,1,-1,-1,-1
21,3,549.59,97.46,54.43,180.30,1,-1,-1,-1
21,4,406.74,86.51,89.12,233.65,1,-1,-1,-1
21,5,499.78,88.46,85.24,228.81,1,-1,-1,-1
21,8,178.43,94.28,42.14,159.30,1,-1,-1,-1
21,9,595.02,109.18,37.76,130.58,1,-1,-1,-1
22,1,270.64,96.62,77.22,213.60,1,-1,-1,-1
22,2,-4.76,100.04,74.40,226.52,1,-1,-1,-1
22,3,548.51,98.68,53.97,178.75,1,-1,-1,-1
22,4,409.30,87.43,89.13,232.56,1,-1,-1,-1
22,5,504.19,87.08,84.95,229.19,1,-1,-1,-1
22,8,178.55,94.30,42.19,159.07,1,-1,-1,-1
22,9,594.11,108.99,38.92,131.12,1,-1,-1,-1
23,1,272.23,97.72,76.63,211.97,1,-1,-1,-1
23,2,-9.06,96.55,72.84,228.03,1,-1,-1,-1
23,4,408.55,87.01,88.76,232.96,1,-1,-1,-1
23,5,507.82,85.74,85.25,230.27,1,-1,-1,-1
23,8,178.57,94.08,42.31,159.36,1,-1,-1,-1
23,9,592.96,108.97,39.83,130.75,1,-1,-1,-1
24,1,273.72,98.16,76.27,211.16,1,-1,-1,-1
24,2,-15.97,81.07,74.11,243.65,1,-1,-1,-1
24,4,412.86,86.71,89.51,232.89,1,-1,-1,-1
24,5,509.47,86.07,84.96,229.94,1,-1,-1,-1
24,8,178.53,93.90,42.33,159.57,1,-1,-1,-1
24,9,591.50,108.88,40.88,130.71,1,-1,-1,-1
24,10,480.18,112.57,38.02,33.77,1,-1,-1,-1
25,1,276.11,98.17,75.97,210.67,1,-1,-1,-1
25,2,-21.55,75.43,71.48,250.87,1,-1,-1,-1
25,4,416.78,86.15,90.30,233.09,1,-1,-1,-1
25,5,508.49,86.24,85.72,229.30,1,-1,-1,-1
25,8,178.18,93.48,42.46,160.26,1,-1,-1,-1
25,9,591.19,109.41,41.74,130.83,1,-1,-1,-1
25,10,480.60,112.13,38.87,34.83,1,-1,-1,-1
26,1,280.10,98.28,74.93,208.67,1,-1,-1,-1
26,2,-26.28,72.92,72.23,253.52,1,-1,-1,-1
26,4,420.22,85.02,90.71,232.37,1,-1,-1,-1
26,5,510.66,87.57,86.37,228.78,1,-1,-1,-1
26,8,178.06,93.61,42.36,160.02,1,-1,-1,-1
26,9,589.05,108.93,41.96,131.41,1,-1,-1,-1
26,10,481.57,112.01,37.50,34.10,1,-1,-1,-1
27,1,285.69,96.79,74.36,208.39,1,-1,-1,-1
27,4,423.77,83.63,90.78,231.34,1,-1,-1,-1
27,5,514.75,89.52,86.29,226.98,1,-1,-1,-1
27,8,178.02,93.58,42.28,160.01,1,-1,-1,-1
27,9,588.41,108.33,42.27,132.12,1,-1,-1,-1
27,10,482.17,111.70,37.79,34.36,1,-1,-1,-1
28,1,292.35,94.92,74.06,209.20,1,-1,-1,-1
28,4,428.42,82.55,91.00,231.03,1,-1,-1,-1
28,5,521.15,89.89,85.53,225.37,1,-1,-1,-1
28,8,177.99,94.04,42.19,160.06,1,-1,-1,-1
28,9,588.17,107.68,42.72,132.80,1,-1,-1,-1
29,1,299.30,93.59,73.83,209.65,1,-1,-1,-1
29,4,432.04,82.07,91.19,231.12,1,-1,-1,-1
29,5,524.78,91.45,84.85,223.19,1,-1,-1,-1
29,8,177.64,94.14,42.04,159.36,1,-1,-1,-1
29,9,590.01,107.61,43.41,132.89,1,-1,-1,-1
30,1,305.01,92.85,73.81,210.00,1,-1,-1,-1
30,4,435.38,81.82,91.54,231.29,1,-1,-1,-1
30,5,528.68,92.26,84.76,222.62,1,-1,-1,-1
30,8,177.64,94.06,41.94,159.02,1,-1,-1,-1
30,9,590.82,107.81,43.93,132.60,1,-1,-1,-1
30,11,500.48,93.77,46.22,189.07,1,-1,-1,-1
31,1,310.35,92.87,74.10,209.85,1,-1,-1,-1
31,4,438.05,82.19,91.59,230.89,1,-1,-1,-1
31,5,532.68,94.00,84.11,220.71,1,-1,-1,-1
31,8,177.65,94.14,41.87,158.88,1,-1,-1,-1
31,9,590.55,107.80,43.96,132.68,1,-1,-1,-1
31,11,508.79,94.18,46.32,186.88,1,-1,-1,-1
32,1,314.47,93.57,74.04,209.29,1,-1,-1,-1
32,3,498.81,93.79,54.65,186.83,1,-1,-1,-1
32,4,440.52,82.32,91.84,231.14,1,-1,-1,-1
32,5,535.77,92.99,84.02,221.30,1,-1,-1,-1
32,8,177.42,94.25,41.95,159.01,1,-1,-1,-1
32,11,509.29,91.25,47.90,189.83,1,-1,-1,-1
33,1,319.54,95.25,73.60,207.69,1,-1,-1,-1
33,3,494.93,93.80,54.68,186.95,1,-1,-1,-1
33,4,443.45,83.09,91.76,230.66,1,-1,-1,-1
33,5,537.99,91.13,83.77,222.86,1,-1,-1,-1
33,8,177.44,94.39,41.87,158.71,1,-1,-1,-1
33,11,507.70,91.85,48.12,187.99,1,-1,-1,-1
34,1,323.85,96.70,73.35,205.70,1,-1,-1,-1
34,4,445.99,84.43,90.92,229.02,1,-1,-1,-1
34,5,541.83,91.05,83.11,222.80,1,-1,-1,-1
34,8,177.36,94.72,41.84,158.47,1,-1,-1,-1
34,11,503.87,91.80,48.03,186.33,1,-1,-1,-1
35,1,326.37,98.48,73.30,203.42,1,-1,-1,-1
35,4,449.79,86.63,90.08,226.27,1,-1,-1,-1
35,5,546.09,90.31,82.40,221.62,1,-1,-1,-1
35,8,177.35,94.76,41.83,158.37,1,-1,-1,-1
35,11,501.93,92.13,48.10,186.41,1,-1,-1,-1
36,1,328.25,98.68,73.86,203.06,1,-1,-1,-1
36,4,452.36,88.46,89.22,223.50,1,-1,-1,-1
36,5,549.44,89.23,81.51,220.46,1,-1,-1,-1
36,8,177.12,94.71,41.85,158.21,1,-1,-1,-1
36,11,500.02,91.70,48.07,186.76,1,-1,-1,-1
37,1,331.28,98.52,74.30,202.91,1,-1,-1,-1
37,4,455.11,89.38,88.92,222.62,1,-1,-1,-1
37,5,553.62,88.18,81.37,220.64,1,-1,-1,-1
37,8,177.02,94.43,41.96,158.64,1,-1,-1,-1
37,11,500.02,91.44,48.04,186.67,1,-1,-1,-1
38,1,335.57,98.09,74.36,202.91,1,-1,-1,-1
38,4,457.17,89.36,89.14,222.75,1,-1,-1,-1
38,5,556.49,87.50,81.11,220.68,1,-1,-1,-1
38,8,176.91,94.73,41.92,158.33,1,-1,-1,-1
39,1,340.04,96.80,73.61,201.97,1,-1,-1,-1
39,4,460.39,89.73,88.89,221.70,1,-1,-1,-1
39,5,558.64,87.37,80.57,220.79,1,-1,-1,-1
39,8,177.07,95.10,41.82,157.85,1,-1,-1,-1
40,1,344.28,95.13,73.09,201.85,1,-1,-1,-1
40,4,462.53,87.82,89.10,222.51,1,-1,-1,-1
40,5,561.51,87.91,79.73,219.98,1,-1,-1,-1
40,8,176.72,94.77,41.95,158.34,1,-1,-1,-1
41,1,347.19,93.63,72.77,202.34,1,-1,-1,-1
41,4,464.53,86.37,88.89,222.24,1,-1,-1,-1
41,5,564.26,88.90,78.76,219.10,1,-1,-1,-1
41,8,176.67,94.72,41.99,158.52,1,-1,-1,-1
41,13,443.06,109.50,30.58,123.48,1,-1,-1,-1
42,1,348.88,92.60,72.43,202.70,1,-1,-1,-1
42,4,467.15,85.99,88.43,221.86,1,-1,-1,-1
42,5,565.84,89.95,77.83,218.19,1,-1,-1,-1
42,8,176.52,94.31,42.07,158.88,1,-1,-1,-1
42,13,442.32,109.03,32.32,131.13,1,-1,-1,-1
43,1,351.25,92.59,71.75,202.47,1,-1,-1,-1
43,4,467.72,84.85,88.71,222.80,1,-1,-1,-1
43,5,568.29,91.36,76.41,216.76,1,-1,-1,-1
43,8,176.41,94.21,42.10,159.06,1,-1,-1,-1
43,13,441.37,109.08,32.67,133.16,1,-1,-1,-1
44,1,355.04,93.15,71.34,201.96,1,-1,-1,-1
44,4,470.02,84.08,89.17,223.08,1,-1,-1,-1
44,5,570.23,92.47,75.06,215.76,1,-1,-1,-1
44,8,176.26,93.99,42.09,159.20,1,-1,-1,-1
44,13,440.41,109.30,32.27,132.36,1,-1,-1,-1
45,1,360.97,94.50,71.01,200.61,1,-1,-1,-1
45,3,454.38,96.33,48.83,178.35,1,-1,-1,-1
45,4,473.70,84.73,88.86,221.91,1,-1,-1,-1
45,5,571.74,93.04,73.75,214.96,1,-1,-1,-1
45,8,176.13,93.71,42.07,159.41,1,-1,-1,-1
45,13,438.67,110.02,31.80,131.39,1,-1,-1,-1
46,1,367.11,96.92,70.57,197.99,1,-1,-1,-1
46,3,453.36,95.26,47.62,181.09,1,-1,-1,-1
46,4,478.37,85.10,88.29,221.54,1,-1,-1,-1
46,5,573.14,93.31,72.61,214.86,1,-1,-1,-1
46,8,175.86,93.50,42.08,159.68,1,-1,-1,-1
46,13,437.45,110.83,31.27,130.06,1,-1,-1,-1
47,1,371.03,98.67,70.23,196.17,1,-1,-1,-1
47,3,453.14,94.96,47.03,182.20,1,-1,-1,-1
47,4,485.30,86.20,88.11,220.14,1,-1,-1,-1
47,5,574.52,92.47,71.51,215.16,1,-1,-1,-1
47,8,175.88,93.58,42.00,159.51,1,-1,-1,-1
47,13,435.75,111.86,30.83,129.03,1,-1,-1,-1
48,1,372.59,99.99,69.96,194.84,1,-1,-1,-1
48,3,452.59,94.46,46.80,182.86,1,-1,-1,-1
48,4,491.27,86.98,88.32,219.18,1,-1,-1,-1
48,5,575.98,91.28,70.43,215.80,1,-1,-1,-1
48,8,175.83,93.45,41.99,159.65,1,-1,-1,-1
48,13,434.93,112.23,30.59,128.77,1,-1,-1,-1
49,1,373.60,100.79,69.76,193.88,1,-1,-1,-1
49,3,451.60,93.69,46.72,182.15,1,-1,-1,-1
49,4,495.22,87.54,88.59,218.45,1,-1,-1,-1
49,5,578.34,91.22,68.83,215.60,1,-1,-1,-1
49,8,175.90,93.22,41.99,159.85,1,-1,-1,-1
49,13,433.65,111.65,30.21,127.87,1,-1,-1,-1
50,1,375.45,100.32,69.70,194.00,1,-1,-1,-1
50,3,449.89,93.72,47.17,181.54,1,-1,-1,-1
50,4,497.78,88.50,89.02,217.25,1,-1,-1,-1
50,5,580.50,90.15,67.17,215.43,1,-1,-1,-1
50,8,175.89,93.04,42.03,160.20,1,-1,-1,-1
50,13,432.81,111.44,29.31,126.13,1,-1,-1,-1
51,1,378.21,99.41,69.67,194.12,1,-1,-1,-1
51,3,447.47,92.90,48.30,181.09,1,-1,-1,-1
51,4,499.53,89.00,89.25,216.30,1,-1,-1,-1
51,5,582.44,90.06,65.23,214.22,1,-1,-1,-1
51,8,175.77,92.81,42.01,160.14,1,-1,-1,-1
51,13,431.66,111.65,29.46,126.78,1,-1,-1,-1
52,1,383.43,98.19,69.30,193.54,1,-1,-1,-1
52,3,445.22,92.51,49.29,181.01,1,-1,-1,-1
52,4,501.15,89.45,89.55,215.54,1,-1,-1,-1
52,5,583.59,89.05,63.78,214.28,1,-1,-1,-1
52,8,175.83,92.79,42.00,160.38,1,-1,-1,-1
53,1,390.34,97.10,69.04,193.97,1,-1,-1,-1
53,3,444.43,92.58,49.99,181.79,1,-1,-1,-1
53,4,503.35,89.23,90.28,215.59,1,-1,-1,-1
53,5,585.05,87.99,62.44,214.99,1,-1,-1,-1
53,8,175.83,92.84,41.97,160.53,1,-1,-1,-1
54,1,396.72,95.56,68.61,194.46,1,-1,-1,-1
54,3,443.82,92.69,50.03,182.46,1,-1,-1,-1
54,4,506.09,89.02,91.03,215.54,1,-1,-1,-1
54,5,586.15,87.65,60.96,214.79,1,-1,-1,-1
54,8,175.80,92.88,41.82,160.11,1,-1,-1,-1
55,1,401.60,94.42,68.29,194.91,1,-1,-1,-1
55,3,444.27,93.34,49.41,182.08,1,-1,-1,-1
55,4,509.04,88.20,91.47,215.17,1,-1,-1,-1
55,5,587.45,89.08,59.26,213.56,1,-1,-1,-1
55,8,175.82,92.83,41.79,160.07,1,-1,-1,-1
56,1,406.13,93.58,68.49,195.70,1,-1,-1,-1
56,3,443.87,93.55,49.15,183.20,1,-1,-1,-1
56,4,512.00,86.88,91.38,215.01,1,-1,-1,-1
56,5,588.87,90.50,57.44,211.59,1,-1,-1,-1
56,8,175.67,92.89,41.79,160.04,1,-1,-1,-1
57,1,410.27,94.01,68.13,194.86,1,-1,-1,-1
57,3,442.26,93.51,49.18,183.32,1,-1,-1,-1
57,4,514.40,85.96,90.43,215.04,1,-1,-1,-1
57,5,591.78,94.72,54.88,207.52,1,-1,-1,-1
57,8,175.39,92.88,41.83,159.96,1,-1,-1,-1
58,1,414.32,95.46,67.57,192.75,1,-1,-1,-1
58,4,518.14,85.78,88.76,214.92,1,-1,-1,-1
58,5,596.32,102.63,51.00,199.00,1,-1,-1,-1
58,8,175.54,93.11,41.78,159.70,1,-1,-1,-1
59,1,416.50,96.60,67.51,190.94,1,-1,-1,-1
59,4,525.50,85.55,88.73,215.04,1,-1,-1,-1
59,5,601.11,105.58,47.93,195.28,1,-1,-1,-1
59,8,175.49,93.24,41.84,159.76,1,-1,-1,-1
59,14,588.29,108.35,32.12,134.04,1,-1,-1,-1
60,1,419.57,96.76,68.03,191.69,1,-1,-1,-1
60,4,527.88,85.66,87.78,214.73,1,-1,-1,-1
60,5,604.06,110.40,44.61,189.05,1,-1,-1,-1
60,8,175.55,93.23,41.89,159.94,1,-1,-1,-1
60,14,588.50,108.46,32.13,134.08,1,-1,-1,-1
61,1,422.61,98.44,68.09,190.82,1,-1,-1,-1
61,4,530.03,85.14,87.20,215.32,1,-1,-1,-1
61,5,607.07,114.53,41.14,181.59,1,-1,-1,-1
61,8,175.46,93.42,41.97,159.68,1,-1,-1,-1
62,1,427.20,98.84,68.69,190.77,1,-1,-1,-1
62,3,403.42,95.90,47.66,177.89,1,-1,-1,-1
62,4,533.10,86.16,86.01,214.18,1,-1,-1,-1
62,5,611.78,118.03,34.10,155.20,1,-1,-1,-1
62,8,175.46,93.68,42.11,159.57,1,-1,-1,-1
63,1,430.77,97.59,69.08,191.49,1,-1,-1,-1
63,3,401.36,95.69,47.95,177.57,1,-1,-1,-1
63,4,536.90,88.45,84.50,211.43,1,-1,-1,-1
63,5,613.98,119.32,31.33,147.60,1,-1,-1,-1
63,8,175.52,93.87,42.31,159.73,1,-1,-1,-1
64,1,433.37,97.62,69.02,189.88,1,-1,-1,-1
64,3,399.53,94.98,48.34,178.43,1,-1,-1,-1
64,4,540.75,89.88,83.40,209.55,1,-1,-1,-1
64,5,616.04,121.56,29.98,141.22,1,-1,-1,-1
64,8,175.66,93.87,42.46,159.77,1,-1,-1,-1
65,1,436.69,96.36,68.74,189.06,1,-1,-1,-1
65,3,399.39,94.09,49.39,180.28,1,-1,-1,-1
65,4,544.15,90.87,82.32,207.71,1,-1,-1,-1
65,8,175.70,94.07,42.63,159.50,1,-1,-1,-1
66,1,439.40,95.46,68.61,189.07,1,-1,-1,-1
66,3,400.89,94.10,50.54,178.83,1,-1,-1,-1
66,4,547.08,90.83,81.83,207.58,1,-1,-1,-1
66,5,616.59,124.55,29.11,143.86,1,-1,-1,-1
66,8,176.11,94.04,42.80,159.31,1,-1,-1,-1
67,1,441.27,94.74,68.38,189.17,1,-1,-1,-1
67,3,399.51,93.05,51.94,179.19,1,-1,-1,-1
67,4,549.72,90.67,81.41,207.32,1,-1,-1,-1
67,5,617.48,125.69,27.78,143.52,1,-1,-1,-1
67,8,176.54,94.53,42.95,158.86,1,-1,-1,-1
68,1,443.03,94.04,68.35,190.10,1,-1,-1,-1
68,3,395.30,92.24,52.88,179.77,1,-1,-1,-1
68,4,551.47,90.10,81.08,207.87,1,-1,-1,-1
68,5,618.05,130.84,25.97,138.53,1,-1,-1,-1
68,8,176.51,94.74,43.24,158.96,1,-1,-1,-1
69,1,445.42,93.93,67.90,190.17,1,-1,-1,-1
69,3,393.19,92.22,53.45,179.25,1,-1,-1,-1
69,4,554.36,88.78,81.16,208.54,1,-1,-1,-1
69,5,618.03,130.97,25.27,138.61,1,-1,-1,-1
69,8,176.99,94.34,43.40,158.85,1,-1,-1,-1
70,1,448.81,94.50,67.35,188.97,1,-1,-1,-1
70,3,390.97,92.25,54.12,179.25,1,-1,-1,-1
70,4,557.36,87.28,81.14,208.44,1,-1,-1,-1
70,5,615.91,116.74,27.17,152.85,1,-1,-1,-1
70,8,177.39,93.76,43.68,159.19,1,-1,-1,-1
71,1,452.40,94.92,67.13,188.20,1,-1,-1,-1
71,3,388.47,92.33,54.61,179.32,1,-1,-1,-1
71,4,558.99,85.73,81.32,209.24,1,-1,-1,-1
71,5,615.72,112.37,27.27,157.31,1,-1,-1,-1
71,8,177.88,93.42,43.95,159.36,1,-1,-1,-1
72,1,455.13,95.73,66.67,187.17,1,-1,-1,-1
72,3,386.15,92.87,54.85,178.91,1,-1,-1,-1
72,4,561.34,85.73,80.61,208.31,1,-1,-1,-1
72,5,616.08,111.84,27.18,156.79,1,-1,-1,-1
72,8,178.67,92.89,44.33,160.05,1,-1,-1,-1
73,1,456.45,96.81,66.04,186.53,1,-1,-1,-1
73,3,384.32,93.88,54.77,177.62,1,-1,-1,-1
73,4,563.30,86.10,79.65,207.23,1,-1,-1,-1
73,8,179.09,92.89,44.65,159.89,1,-1,-1,-1
74,1,459.64,97.59,65.26,185.24,1,-1,-1,-1
74,3,382.07,94.34,54.97,177.56,1,-1,-1,-1
74,4,565.43,85.81,78.91,207.67,1,-1,-1,-1
74,8,178.68,93.52,44.99,159.22,1,-1,-1,-1
75,1,462.68,97.79,64.82,184.54,1,-1,-1,-1
75,3,379.48,96.23,54.57,175.62,1,-1,-1,-1
75,4,567.96,88.08,77.03,205.29,1,-1,-1,-1
75,8,178.54,93.54,45.74,159.13,1,-1,-1,-1
76,1,465.48,97.56,64.81,184.05,1,-1,-1,-1
76,3,376.31,96.75,54.79,174.94,1,-1,-1,-1
76,4,568.27,87.60,76.44,205.91,1,-1,-1,-1
76,8,178.36,93.63,46.44,159.10,1,-1,-1,-1
77,1,467.96,97.18,64.88,182.98,1,-1,-1,-1
77,3,373.23,96.85,55.19,174.55,1,-1,-1,-1
77,4,570.68,88.33,74.86,204.80,1,-1,-1,-1
77,8,178.63,93.89,47.06,158.84,1,-1,-1,-1
77,16,406.60,106.58,35.71,130.13,1,-1,-1,-1
77,17,563.26,110.04,23.85,132.84,1,-1,-1,-1
78,1,471.68,96.63,65.31,182.46,1,-1,-1,-1
78,3,369.67,96.82,55.51,174.44,1,-1,-1,-1
78,4,574.66,88.98,72.94,204.35,1,-1,-1,-1
78,8,178.78,94.09,47.63,158.73,1,-1,-1,-1
78,16,405.94,106.80,35.88,130.28,1,-1,-1,-1
78,17,562.32,109.59,26.64,147.15,1,-1,-1,-1
79,1,475.84,95.59,65.71,183.13,1,-1,-1,-1
79,3,367.75,96.95,55.49,174.03,1,-1,-1,-1
79,4,577.38,90.12,70.68,202.71,1,-1,-1,-1
79,8,178.97,94.85,48.09,158.00,1,-1,-1,-1
79,16,405.10,107.24,36.32,131.34,1,-1,-1,-1
79,17,561.57,109.42,28.74,156.47,1,-1,-1,-1
80,1,479.78,94.48,65.78,183.95,1,-1,-1,-1
80,3,365.56,96.37,55.48,174.45,1,-1,-1,-1
80,4,578.31,91.24,68.88,201.38,1,-1,-1,-1
80,8,179.32,95.37,48.56,157.40,1,-1,-1,-1
80,16,405.01,107.69,36.79,132.68,1,-1,-1,-1
80,17,562.64,108.78,30.23,161.31,1,-1,-1,-1
81,1,483.76,94.55,65.96,184.20,1,-1,-1,-1
81,3,363.68,94.96,55.56,175.61,1,-1,-1,-1
81,4,579.26,91.53,67.39,200.77,1,-1,-1,-1
81,8,180.05,95.06,49.22,157.92,1,-1,-1,-1
81,16,404.92,107.93,37.20,133.66,1,-1,-1,-1
81,17,565.96,110.26,30.78,161.61,1,-1,-1,-1
82,1,487.36,95.13,65.86,183.39,1,-1,-1,-1
82,3,362.23,94.74,55.04,174.75,1,-1,-1,-1
82,4,581.29,90.74,66.10,201.69,1,-1,-1,-1
82,8,180.71,94.74,49.95,158.36,1,-1,-1,-1
82,16,404.46,107.84,37.46,133.97,1,-1,-1,-1
82,17,569.46,112.81,31.50,160.16,1,-1,-1,-1
83,1,492.23,96.15,65.65,182.43,1,-1,-1,-1
83,3,360.32,93.82,54.91,174.87,1,-1,-1,-1
83,4,583.19,89.62,64.70,202.52,1,-1,-1,-1
83,8,181.23,95.11,50.52,158.14,1,-1,-1,-1
83,16,403.50,107.80,37.66,133.72,1,-1,-1,-1
83,17,569.17,113.52,32.86,159.61,1,-1,-1,-1
84,1,495.97,97.55,65.55,181.20,1,-1,-1,-1
84,3,358.98,93.27,54.74,174.69,1,-1,-1,-1
84,4,585.57,88.64,62.78,202.12,1,-1,-1,-1
84,8,181.57,95.55,51.00,157.79,1,-1,-1,-1
84,16,402.54,107.74,38.14,134.09,1,-1,-1,-1
84,17,568.41,113.03,34.26,159.31,1,-1,-1,-1
85,1,497.72,100.01,65.08,178.55,1,-1,-1,-1
85,3,357.35,92.68,54.66,174.14,1,-1,-1,-1
85,4,591.48,98.85,56.85,188.84,1,-1,-1,-1
85,8,181.92,96.34,51.36,156.91,1,-1,-1,-1
85,16,402.07,107.43,38.67,134.20,1,-1,-1,-1
85,17,567.50,111.80,36.01,160.62,1,-1,-1,-1
86,1,499.11,101.13,65.16,177.01,1,-1,-1,-1
86,3,355.24,92.94,54.87,174.45,1,-1,-1,-1
86,4,597.05,103.18,52.44,181.36,1,-1,-1,-1
86,8,182.38,96.72,51.73,156.19,1,-1,-1,-1
86,16,401.32,107.24,39.24,134.23,1,-1,-1,-1
86,17,566.95,111.22,37.40,161.04,1,-1,-1,-1
87,1,500.43,101.90,65.84,176.20,1,-1,-1,-1
87,3,353.32,92.96,54.99,174.29,1,-1,-1,-1
87,4,601.43,104.74,49.31,178.84,1,-1,-1,-1
87,8,182.74,96.62,52.32,156.29,1,-1,-1,-1
87,16,400.63,107.19,39.89,134.16,1,-1,-1,-1
87,17,563.22,111.21,38.16,160.67,1,-1,-1,-1
88,1,501.73,100.86,66.92,177.02,1,-1,-1,-1
88,3,351.10,92.98,55.40,174.53,1,-1,-1,-1
88,4,604.95,105.22,46.47,177.46,1,-1,-1,-1
88,8,183.01,96.39,52.89,156.47,1,-1,-1,-1
88,16,400.30,107.05,40.41,134.23,1,-1,-1,-1
88,17,560.68,111.27,38.96,160.96,1,-1,-1,-1
89,1,505.38,100.38,67.56,177.24,1,-1,-1,-1
89,3,348.31,93.00,55.91,174.16,1,-1,-1,-1
89,4,608.25,106.73,42.96,173.00,1,-1,-1,-1
89,8,183.62,96.38,53.48,156.56,1,-1,-1,-1
89,16,399.89,106.72,40.94,134.34,1,-1,-1,-1
89,17,559.08,110.42,39.61,161.32,1,-1,-1,-1
90,1,509.25,99.78,67.67,177.93,1,-1,-1,-1
90,3,343.33,93.61,57.06,173.17,1,-1,-1,-1
90,4,610.55,108.11,42.31,170.39,1,-1,-1,-1
90,8,184.14,96.08,54.29,157.25,1,-1,-1,-1
90,16,399.27,106.66,41.46,134.42,1,-1,-1,-1
90,17,557.43,111.21,39.51,161.09,1,-1,-1,-1
91,1,515.16,98.69,67.26,177.87,1,-1,-1,-1
91,3,338.30,94.00,58.57,172.71,1,-1,-1,-1
91,8,184.50,95.61,54.81,157.35,1,-1,-1,-1
91,16,398.49,106.67,41.98,134.51,1,-1,-1,-1
91,17,558.54,111.66,38.99,159.88,1,-1,-1,-1
92,1,521.45,98.10,67.16,177.74,1,-1,-1,-1
92,3,334.65,94.41,60.04,172.16,1,-1,-1,-1
92,8,184.59,95.51,55.26,157.38,1,-1,-1,-1
92,16,397.74,106.85,42.38,134.25,1,-1,-1,-1
92,17,558.24,111.69,39.29,161.11,1,-1,-1,-1
93,1,527.18,98.01,67.38,177.34,1,-1,-1,-1
93,3,329.98,95.24,61.56,171.37,1,-1,-1,-1
93,8,185.30,95.41,55.54,157.23,1,-1,-1,-1
93,16,396.44,106.78,42.98,134.20,1,-1,-1,-1
94,1,529.40,98.40,67.17,176.53,1,-1,-1,-1
94,3,327.39,96.05,62.59,170.30,1,-1,-1,-1
94,8,185.78,95.28,55.84,157.59,1,-1,-1,-1
94,16,394.91,106.73,43.77,134.24,1,-1,-1,-1
95,1,528.66,98.55,67.44,176.16,1,-1,-1,-1
95,3,326.84,96.75,63.12,169.17,1,-1,-1,-1
95,8,186.15,95.12,56.03,157.55,1,-1,-1,-1
95,16,391.88,107.04,44.90,134.05,1,-1,-1,-1
96,1,529.52,99.44,66.85,174.05,1,-1,-1,-1
96,3,326.06,97.24,63.58,168.75,1,-1,-1,-1
96,8,186.30,95.03,56.25,157.60,1,-1,-1,-1
96,16,391.55,107.15,45.72,134.17,1,-1,-1,-1
97,1,538.12,100.48,67.91,173.75,1,-1,-1,-1
97,3,324.72,96.73,63.92,168.72,1,-1,-1,-1
97,8,186.42,95.07,56.36,157.13,1,-1,-1,-1
97,16,391.52,107.14,46.51,134.56,1,-1,-1,-1
97,17,519.72,108.77,40.33,160.98,1,-1,-1,-1
98,1,544.80,100.83,68.66,173.34,1,-1,-1,-1
98,3,323.64,96.20,64.23,169.01,1,-1,-1,-1
98,8,186.27,95.04,56.54,156.96,1,-1,-1,-1
98,16,390.36,107.46,47.42,134.70,1,-1,-1,-1
98,17,515.18,111.74,40.31,157.22,1,-1,-1,-1
99,1,548.80,101.80,69.00,172.41,1,-1,-1,-1
99,3,323.10,96.08,64.26,169.32,1,-1,-1,-1
99,8,186.20,94.76,56.75,156.89,1,-1,-1,-1
99,16,389.21,107.67,48.18,134.99,1,-1,-1,-1
99,17,512.53,113.83,40.84,155.14,1,-1,-1,-1
100,1,549.91,102.74,69.05,171.54,1,-1,-1,-1
100,3,321.96,95.64,64.12,169.80,1,-1,-1,-1
100,8,186.24,95.12,56.72,156.27,1,-1,-1,-1
100,16,388.16,107.72,48.77,135.04,1,-1,-1,-1
100,17,510.37,113.52,41.35,153.77,1,-1,-1,-1
101,1,551.10,102.43,69.23,171.76,1,-1,-1,-1
101,3,320.52,94.72,64.05,170.69,1,-1,-1,-1
101,8,186.13,95.49,56.80,155.91,1,-1,-1,-1
101,16,387.41,107.07,49.54,135.63,1,-1,-1,-1
101,17,507.54,112.65,42.10,153.65,1,-1,-1,-1
102,1,552.41,101.75,69.13,171.90,1,-1,-1,-1
102,3,318.49,94.04,63.68,170.74,1,-1,-1,-1
102,8,186.22,95.59,56.99,155.96,1,-1,-1,-1
102,16,386.96,106.87,50.15,135.79,1,-1,-1,-1
102,17,505.52,112.05,43.10,153.78,1,-1,-1,-1
103,1,555.20,101.94,67.83,170.11,1,-1,-1,-1
103,3,315.59,93.01,63.32,170.55,1,-1,-1,-1
103,8,186.40,94.85,57.19,156.35,1,-1,-1,-1
103,16,386.67,106.75,50.68,135.94,1,-1,-1,-1
103,17,502.96,123.59,40.87,142.42,1,-1,-1,-1
104,1,559.74,100.43,67.17,170.75,1,-1,-1,-1
104,3,313.35,93.14,62.81,170.11,1,-1,-1,-1
104,8,186.34,94.45,57.28,156.59,1,-1,-1,-1
104,16,385.92,106.52,51.26,136.17,1,-1,-1,-1
104,17,498.27,117.02,43.22,148.92,1,-1,-1,-1
104,21,538.90,110.35,29.98,136.90,1,-1,-1,-1
105,1,564.88,99.70,66.21,170.57,1,-1,-1,-1
105,3,311.76,93.51,62.16,169.07,1,-1,-1,-1
105,8,185.88,94.83,57.27,156.15,1,-1,-1,-1
105,16,385.31,106.12,51.68,136.46,1,-1,-1,-1
105,17,491.81,113.85,45.31,152.17,1,-1,-1,-1
105,21,538.20,109.59,30.77,137.76,1,-1,-1,-1
106,1,571.47,99.19,65.32,170.58,1,-1,-1,-1
106,3,310.32,93.44,61.64,168.71,1,-1,-1,-1
106,8,185.86,94.46,57.36,156.38,1,-1,-1,-1
106,16,385.24,105.91,51.96,136.61,1,-1,-1,-1
106,17,485.08,112.73,47.43,153.44,1,-1,-1,-1
106,21,537.17,109.02,31.71,138.67,1,-1,-1,-1
107,1,576.01,98.05,65.04,171.06,1,-1,-1,-1
107,3,309.45,93.62,61.13,168.23,1,-1,-1,-1
107,8,185.25,94.81,57.49,156.36,1,-1,-1,-1
107,16,385.49,105.80,52.10,136.65,1,-1,-1,-1
107,17,478.21,112.80,49.81,153.50,1,-1,-1,-1
107,21,534.47,108.18,32.71,139.50,1,-1,-1,-1
108,1,579.21,97.67,64.34,171.14,1,-1,-1,-1
108,3,308.50,93.28,60.89,168.59,1,-1,-1,-1
108,8,184.85,95.00,57.63,156.49,1,-1,-1,-1
108,16,385.49,105.81,52.23,136.89,1,-1,-1,-1
108,17,472.98,114.74,52.04,151.53,1,-1,-1,-1
108,21,531.77,107.25,33.86,140.75,1,-1,-1,-1
109,1,581.24,99.05,63.15,169.91,1,-1,-1,-1
109,3,307.53,93.04,60.59,168.88,1,-1,-1,-1
109,8,184.84,95.12,57.71,156.52,1,-1,-1,-1
109,16,385.50,105.94,52.41,137.39,1,-1,-1,-1
109,17,469.11,115.30,54.61,150.77,1,-1,-1,-1
109,21,529.97,106.65,35.19,142.05,1,-1,-1,-1
110,1,583.00,99.12,62.13,169.62,1,-1,-1,-1
110,3,306.40,93.31,60.26,168.84,1,-1,-1,-1
110,8,184.65,94.86,57.96,157.00,1,-1,-1,-1
110,16,385.49,105.74,52.61,137.97,1,-1,-1,-1
110,17,465.80,115.16,57.38,151.02,1,-1,-1,-1
110,21,528.33,106.68,36.29,142.05,1,-1,-1,-1
111,1,584.61,99.40,61.04,169.35,1,-1,-1,-1
111,3,305.57,94.26,59.69,168.12,1,-1,-1,-1
111,8,184.64,94.65,58.16,157.34,1,-1,-1,-1
111,16,385.52,105.95,52.61,138.06,1,-1,-1,-1
111,17,463.81,115.07,59.90,151.15,1,-1,-1,-1
111,21,524.95,107.13,37.59,142.29,1,-1,-1,-1
112,1,586.61,99.77,59.58,168.57,1,-1,-1,-1
112,3,304.92,94.90,59.15,167.45,1,-1,-1,-1
112,8,184.62,94.68,58.11,156.93,1,-1,-1,-1
112,16,385.99,106.35,52.86,138.33,1,-1,-1,-1
112,17,462.83,115.60,61.82,150.51,1,-1,-1,-1
112,21,522.53,107.78,38.60,141.70,1,-1,-1,-1
113,1,588.48,99.82,58.14,168.11,1,-1,-1,-1
113,3,304.29,95.83,58.72,166.66,1,-1,-1,-1
113,8,184.67,94.22,58.33,157.39,1,-1,-1,-1
113,16,386.55,106.75,53.00,138.25,1,-1,-1,-1
113,17,461.82,115.76,63.60,150.02,1,-1,-1,-1
113,21,520.46,108.60,39.44,140.36,1,-1,-1,-1
114,1,590.67,99.61,56.56,167.77,1,-1,-1,-1
114,3,303.72,96.83,58.21,165.55,1,-1,-1,-1
114,8,185.87,94.11,58.04,156.91,1,-1,-1,-1
114,16,386.87,107.14,53.25,138.32,1,-1,-1,-1
114,17,459.86,115.03,65.25,150.48,1,-1,-1,-1
114,21,518.01,109.50,40.80,140.02,1,-1,-1,-1
115,1,592.86,99.40,54.86,167.45,1,-1,-1,-1
115,3,302.85,97.36,57.70,164.71,1,-1,-1,-1
115,8,185.74,94.34,58.19,157.15,1,-1,-1,-1
115,16,387.85,107.53,53.35,138.01,1,-1,-1,-1
115,17,457.09,114.18,66.48,151.28,1,-1,-1,-1
115,21,515.48,110.29,42.25,140.01,1,-1,-1,-1
116,1,594.70,98.37,53.27,167.55,1,-1,-1,-1
116,3,302.10,97.82,57.12,163.72,1,-1,-1,-1
116,8,186.00,94.30,58.28,157.12,1,-1,-1,-1
116,16,388.67,107.90,53.66,138.22,1,-1,-1,-1
116,17,453.96,114.03,66.44,150.40,1,-1,-1,-1
116,21,513.82,111.31,43.47,139.12,1,-1,-1,-1
117,1,596.67,97.96,51.38,166.74,1,-1,-1,-1
117,3,301.35,97.73,56.73,163.54,1,-1,-1,-1
117,8,186.53,94.10,58.48,157.41,1,-1,-1,-1
117,16,389.70,108.14,53.66,138.38,1,-1,-1,-1
117,17,449.93,113.93,66.29,150.33,1,-1,-1,-1
117,21,511.60,111.67,44.70,139.32,1,-1,-1,-1
118,1,599.07,96.82,49.69,167.24,1,-1,-1,-1
118,3,300.81,97.35,56.43,164.02,1,-1,-1,-1
118,8,186.89,93.63,58.73,157.77,1,-1,-1,-1
118,16,390.31,108.64,53.57,137.68,1,-1,-1,-1
118,17,443.36,113.14,66.16,151.14,1,-1,-1,-1
118,21,509.89,111.45,45.69,139.78,1,-1,-1,-1
119,1,600.98,95.76,48.01,167.81,1,-1,-1,-1
119,3,300.72,96.17,55.60,162.65,1,-1,-1,-1
119,8,187.69,93.15,58.89,158.20,1,-1,-1,-1
119,16,392.18,108.00,54.14,138.76,1,-1,-1,-1
119,17,438.58,112.15,65.16,152.21,1,-1,-1,-1
119,21,508.07,111.11,46.37,140.15,1,-1,-1,-1
120,1,602.60,95.54,46.23,167.79,1,-1,-1,-1
120,3,300.28,95.15,55.36,163.11,1,-1,-1,-1
120,8,188.25,92.88,58.93,158.34,1,-1,-1,-1
120,16,392.41,107.87,53.99,139.10,1,-1,-1,-1
120,17,434.06,111.93,63.40,152.27,1,-1,-1,-1
120,21,506.23,110.66,46.83,140.58,1,-1,-1,-1
121,1,604.28,96.65,44.24,166.78,1,-1,-1,-1
121,3,299.93,94.51,55.01,163.47,1,-1,-1,-1
121,8,189.03,92.60,58.99,158.56,1,-1,-1,-1
121,16,392.31,107.74,53.78,139.64,1,-1,-1,-1
121,17,431.87,112.79,61.46,151.75,1,-1,-1,-1
121,21,504.53,109.69,47.33,141.43,1,-1,-1,-1
122,1,606.69,98.55,41.98,165.11,1,-1,-1,-1
122,3,299.78,93.41,54.45,162.90,1,-1,-1,-1
122,8,190.14,92.42,59.23,158.81,1,-1,-1,-1
122,16,392.03,107.57,53.29,139.95,1,-1,-1,-1
122,17,429.84,113.07,59.77,151.41,1,-1,-1,-1
122,21,502.96,108.81,47.97,142.15,1,-1,-1,-1
123,1,609.23,102.12,39.32,161.66,1,-1,-1,-1
123,3,299.23,92.87,54.25,163.43,1,-1,-1,-1
123,8,191.06,92.49,59.33,158.74,1,-1,-1,-1
123,16,392.30,107.80,52.31,139.20,1,-1,-1,-1
123,17,426.94,114.08,58.49,150.45,1,-1,-1,-1
123,21,501.54,108.13,48.74,142.87,1,-1,-1,-1
124,1,612.42,115.27,34.66,148.06,1,-1,-1,-1
124,3,298.55,92.44,54.05,163.98,1,-1,-1,-1
124,8,191.70,92.43,59.33,158.60,1,-1,-1,-1
124,16,393.30,108.04,51.28,138.72,1,-1,-1,-1
124,17,422.69,114.79,57.77,149.60,1,-1,-1,-1
124,21,500.27,108.06,49.32,143.09,1,-1,-1,-1
125,1,615.52,123.08,31.37,140.20,1,-1,-1,-1
125,3,297.49,92.00,53.79,164.16,1,-1,-1,-1
125,8,191.98,92.42,59.23,158.36,1,-1,-1,-1
125,16,394.40,108.24,50.42,138.90,1,-1,-1,-1
125,17,419.05,114.97,57.78,149.29,1,-1,-1,-1
125,21,499.03,107.87,49.85,142.88,1,-1,-1,-1
126,1,618.57,126.78,28.85,136.24,1,-1,-1,-1
126,3,296.41,91.77,53.49,164.16,1,-1,-1,-1
126,8,192.46,92.27,59.14,158.11,1,-1,-1,-1
126,16,394.24,108.36,49.84,139.55,1,-1,-1,-1
126,17,416.39,115.79,57.95,148.36,1,-1,-1,-1
126,21,496.49,108.12,50.40,143.10,1,-1,-1,-1
127,1,619.84,127.80,27.09,134.52,1,-1,-1,-1
127,3,295.56,91.69,53.43,164.26,1,-1,-1,-1
127,8,192.99,92.19,59.04,157.88,1,-1,-1,-1
127,16,394.29,109.03,48.01,136.90,1,-1,-1,-1
127,17,414.44,116.98,58.08,146.80,1,-1,-1,-1
127,21,492.48,108.78,51.05,143.11,1,-1,-1,-1
128,1,621.77,130.04,25.23,132.61,1,-1,-1,-1
128,3,293.92,91.86,53.91,165.05,1,-1,-1,-1
128,8,193.18,92.19,58.83,157.39,1,-1,-1,-1
128,16,394.16,110.17,47.08,136.88,1,-1,-1,-1
128,17,412.27,117.38,58.83,146.15,1,-1,-1,-1
128,21,489.26,109.66,51.76,142.61,1,-1,-1,-1
129,1,623.35,132.54,24.70,129.85,1,-1,-1,-1
129,3,290.12,91.92,54.85,165.08,1,-1,-1,-1
129,8,193.26,92.22,58.64,156.98,1,-1,-1,-1
129,16,394.23,110.44,47.03,136.73,1,-1,-1,-1
129,17,409.95,115.82,60.18,147.70,1,-1,-1,-1
129,21,486.68,110.48,52.44,141.75,1,-1,-1,-1
130,3,286.84,92.32,56.06,164.82,1,-1,-1,-1
130,8,193.45,92.21,58.38,156.35,1,-1,-1,-1
130,17,407.78,115.66,60.82,147.77,1,-1,-1,-1
130,21,484.89,111.00,53.26,141.87,1,-1,-1,-1
131,3,283.38,92.87,57.50,164.11,1,-1,-1,-1
131,8,193.46,92.39,58.08,155.71,1,-1,-1,-1
131,17,403.57,114.07,61.68,149.16,1,-1,-1,-1
131,21,481.71,111.49,54.05,142.02,1,-1,-1,-1
132,3,280.79,92.86,58.75,163.96,1,-1,-1,-1
132,8,193.48,92.45,57.92,155.35,1,-1,-1,-1
132,17,400.76,113.14,61.20,148.72,1,-1,-1,-1
132,21,479.52,111.93,54.56,141.93,1,-1,-1,-1
133,3,278.99,92.97,59.96,163.66,1,-1,-1,-1
133,8,193.22,92.30,57.84,155.31,1,-1,-1,-1
133,17,396.95,111.58,60.67,149.17,1,-1,-1,-1
133,21,476.65,111.85,55.19,142.41,1,-1,-1,-1
134,3,277.51,93.11,60.89,163.39,1,-1,-1,-1
134,8,192.88,92.19,57.77,155.52,1,-1,-1,-1
134,17,394.26,110.15,60.34,150.59,1,-1,-1,-1
134,21,474.79,111.46,56.06,142.99,1,-1,-1,-1
135,3,275.75,92.62,61.81,163.79,1,-1,-1,-1
135,8,192.39,92.03,57.61,155.67,1,-1,-1,-1
135,17,393.29,109.21,59.54,151.16,1,-1,-1,-1
135,21,471.85,110.99,56.39,143.45,1,-1,-1,-1
136,3,273.91,93.96,61.88,162.17,1,-1,-1,-1
136,8,191.72,92.16,57.25,155.40,1,-1,-1,-1
136,17,393.29,108.40,59.15,151.54,1,-1,-1,-1
136,21,469.50,111.05,56.86,143.54,1,-1,-1,-1
137,3,272.52,93.30,62.37,162.70,1,-1,-1,-1
137,8,191.04,92.30,57.02,155.20,1,-1,-1,-1
137,17,393.22,107.79,59.33,152.26,1,-1,-1,-1
137,21,467.86,111.03,57.23,143.34,1,-1,-1,-1
137,22,-17.44,117.43,88.98,151.92,1,-1,-1,-1
138,3,271.11,93.54,62.60,162.59,1,-1,-1,-1
138,8,190.42,92.34,56.86,155.20,1,-1,-1,-1
138,17,392.04,107.74,59.92,152.68,1,-1,-1,-1
138,21,465.50,110.73,57.75,143.55,1,-1,-1,-1
138,22,-23.59,115.21,101.31,176.10,1,-1,-1,-1
139,3,270.87,93.59,62.46,162.36,1,-1,-1,-1
139,8,189.78,92.49,56.66,155.04,1,-1,-1,-1
139,17,389.25,107.80,60.82,152.22,1,-1,-1,-1
139,21,460.98,110.92,56.97,143.32,1,-1,-1,-1
139,22,-25.44,113.92,104.78,186.25,1,-1,-1,-1
140,3,271.67,93.94,62.05,161.90,1,-1,-1,-1
140,8,189.34,92.63,56.43,154.85,1,-1,-1,-1
140,17,384.08,108.82,62.04,151.47,1,-1,-1,-1
140,21,459.64,110.93,56.49,143.72,1,-1,-1,-1
140,22,-23.29,112.46,102.66,187.91,1,-1,-1,-1
141,3,271.56,93.00,62.05,162.80,1,-1,-1,-1
141,8,188.65,92.53,56.29,154.91,1,-1,-1,-1
141,16,411.85,108.21,48.20,145.73,1,-1,-1,-1
141,17,377.49,111.32,62.25,148.73,1,-1,-1,-1
141,21,458.09,111.64,55.82,143.76,1,-1,-1,-1
141,22,-28.69,111.10,114.09,208.82,1,-1,-1,-1
142,3,270.63,92.20,61.69,163.17,1,-1,-1,-1
142,8,188.06,92.55,56.14,154.93,1,-1,-1,-1
142,16,412.78,108.37,47.27,147.43,1,-1,-1,-1
142,17,370.30,113.15,62.00,146.94,1,-1,-1,-1
142,21,457.91,112.63,54.74,142.86,1,-1,-1,-1
143,3,268.79,92.18,61.48,163.23,1,-1,-1,-1
143,8,187.28,92.67,56.00,154.80,1,-1,-1,-1
143,16,413.33,109.07,45.78,145.25,1,-1,-1,-1
143,17,365.79,114.56,61.86,145.49,1,-1,-1,-1
143,21,459.55,113.61,54.12,141.73,1,-1,-1,-1
143,24,17.61,112.65,39.49,174.04,1,-1,-1,-1
144,3,267.31,91.95,61.32,163.50,1,-1,-1,-1
144,8,186.59,92.50,55.97,155.03,1,-1,-1,-1
144,16,413.70,109.90,45.16,145.47,1,-1,-1,-1
144,17,364.67,116.06,61.73,144.06,1,-1,-1,-1
144,21,458.04,114.38,53.28,141.50,1,-1,-1,-1
144,24,20.82,113.11,39.80,174.41,1,-1,-1,-1
145,3,266.14,91.88,60.78,162.67,1,-1,-1,-1
145,8,185.94,92.62,55.84,154.92,1,-1,-1,-1
145,16,412.51,110.36,44.92,144.70,1,-1,-1,-1
145,17,364.38,116.87,61.94,143.78,1,-1,-1,-1
145,21,459.17,114.64,53.62,142.06,1,-1,-1,-1
145,24,30.73,114.30,41.05,173.78,1,-1,-1,-1
146,3,264.81,91.70,60.22,161.71,1,-1,-1,-1
146,8,185.43,91.90,55.96,155.62,1,-1,-1,-1
146,16,411.47,110.99,45.10,144.41,1,-1,-1,-1
146,17,363.48,115.15,62.58,144.91,1,-1,-1,-1
146,21,459.47,114.84,53.85,142.73,1,-1,-1,-1
146,24,37.22,115.00,42.81,173.29,1,-1,-1,-1
147,3,263.33,91.64,59.77,161.34,1,-1,-1,-1
147,8,185.03,91.77,55.84,155.58,1,-1,-1,-1
147,16,411.39,111.22,45.54,144.52,1,-1,-1,-1
147,17,362.69,114.66,62.50,144.78,1,-1,-1,-1
147,21,458.88,114.48,54.15,143.46,1,-1,-1,-1
147,24,40.17,115.89,45.08,172.48,1,-1,-1,-1
148,3,261.69,91.66,59.47,161.83,1,-1,-1,-1
148,8,184.65,91.43,55.82,155.89,1,-1,-1,-1
148,16,410.76,111.75,45.93,144.46,1,-1,-1,-1
148,17,361.50,114.39,62.04,144.34,1,-1,-1,-1
148,21,457.73,114.27,54.15,143.63,1,-1,-1,-1
148,24,42.19,116.59,47.45,171.68,1,-1,-1,-1
149,3,260.36,91.61,58.99,162.23,1,-1,-1,-1
149,8,184.47,91.43,55.70,155.92,1,-1,-1,-1
149,16,409.95,112.44,46.18,144.12,1,-1,-1,-1
149,17,360.65,113.91,61.74,144.22,1,-1,-1,-1
149,21,456.60,113.73,54.37,143.90,1,-1,-1,-1
149,24,42.04,116.89,50.21,171.77,1,-1,-1,-1
150,3,259.37,91.74,58.21,161.68,1,-1,-1,-1
150,8,184.18,90.95,55.74,156.42,1,-1,-1,-1
150,16,409.36,112.77,46.18,143.55,1,-1,-1,-1
150,17,358.88,113.24,60.80,143.33,1,-1,-1,-1
150,21,455.52,112.89,54.73,144.80,1,-1,-1,-1
150,24,41.46,116.37,53.22,172.64,1,-1,-1,-1
151,3,258.68,91.69,57.55,161.24,1,-1,-1,-1
151,8,184.25,91.34,55.45,155.79,1,-1,-1,-1
151,16,408.52,112.83,46.57,143.07,1,-1,-1,-1
151,17,356.38,112.49,59.81,143.11,1,-1,-1,-1
151,21,454.68,112.17,54.74,144.83,1,-1,-1,-1
151,24,42.84,115.82,55.46,172.78,1,-1,-1,-1
152,3,258.27,91.57,57.07,161.03,1,-1,-1,-1
152,8,184.02,91.23,55.43,156.02,1,-1,-1,-1
152,16,409.89,112.60,46.90,144.15,1,-1,-1,-1
152,17,353.37,112.04,58.97,143.48,1,-1,-1,-1
152,21,454.38,111.56,54.81,145.07,1,-1,-1,-1
152,24,43.24,115.27,57.53,173.20,1,-1,-1,-1
153,3,257.90,91.42,56.76,161.09,1,-1,-1,-1
153,8,184.02,91.49,55.23,155.68,1,-1,-1,-1
153,16,410.66,112.50,46.95,144.63,1,-1,-1,-1
153,17,350.84,111.55,57.96,143.89,1,-1,-1,-1
153,21,453.42,111.23,55.05,145.32,1,-1,-1,-1
153,24,46.29,113.99,58.38,172.35,1,-1,-1,-1
154,3,257.37,91.43,56.42,161.05,1,-1,-1,-1
154,8,184.05,91.57,55.12,155.54,1,-1,-1,-1
154,16,410.23,112.36,46.59,144.75,1,-1,-1,-1
154,17,349.00,111.13,57.06,144.06,1,-1,-1,-1
154,21,452.50,110.40,55.41,146.19,1,-1,-1,-1
154,24,50.22,112.66,58.72,172.02,1,-1,-1,-1
155,3,257.07,91.47,56.09,160.99,1,-1,-1,-1
155,8,184.04,91.62,55.01,155.44,1,-1,-1,-1
155,16,410.28,112.02,46.23,144.27,1,-1,-1,-1
155,17,347.58,111.53,55.93,143.66,1,-1,-1,-1
155,21,450.83,110.06,55.51,147.12,1,-1,-1,-1
155,24,56.54,112.56,58.59,171.97,1,-1,-1,-1
156,3,257.02,91.88,55.77,161.16,1,-1,-1,-1
156,8,184.16,91.52,54.99,155.58,1,-1,-1,-1
156,16,409.03,112.08,46.15,144.29,1,-1,-1,-1
156,17,346.59,111.62,55.23,143.80,1,-1,-1,-1
156,21,448.85,110.17,55.28,147.64,1,-1,-1,-1
156,24,65.33,111.50,58.20,172.84,1,-1,-1,-1
157,3,256.72,92.21,55.45,161.47,1,-1,-1,-1
157,8,184.28,91.23,55.00,155.73,1,-1,-1,-1
157,16,408.21,112.30,46.03,144.21,1,-1,-1,-1
157,17,345.02,111.94,54.16,143.52,1,-1,-1,-1
157,21,447.61,110.37,55.17,148.47,1,-1,-1,-1
157,24,71.73,111.47,57.49,172.56,1,-1,-1,-1
158,3,256.83,92.40,54.95,161.39,1,-1,-1,-1
158,8,184.47,91.35,54.96,155.68,1,-1,-1,-1
158,16,407.66,113.02,45.81,143.87,1,-1,-1,-1
158,17,343.55,111.98,53.40,144.01,1,-1,-1,-1
158,21,445.81,110.87,54.15,148.49,1,-1,-1,-1
158,24,76.65,111.35,56.94,172.57,1,-1,-1,-1
159,3,257.12,93.10,54.17,160.36,1,-1,-1,-1
159,8,184.63,91.47,54.89,155.63,1,-1,-1,-1
159,16,406.79,113.84,45.57,143.16,1,-1,-1,-1
159,17,341.87,112.40,52.46,143.35,1,-1,-1,-1
159,21,446.99,111.05,54.32,149.31,1,-1,-1,-1
159,24,82.04,110.51,57.05,173.40,1,-1,-1,-1
160,3,257.37,93.26,53.55,159.89,1,-1,-1,-1
160,8,184.85,91.33,54.92,155.88,1,-1,-1,-1
160,16,406.21,114.48,45.88,143.22,1,-1,-1,-1
160,17,340.62,113.34,51.43,142.33,1,-1,-1,-1
160,21,446.54,111.40,54.38,149.76,1,-1,-1,-1
160,24,89.50,111.83,57.40,172.15,1,-1,-1,-1
161,3,257.34,92.73,53.18,160.10,1,-1,-1,-1
161,8,185.03,91.03,54.94,156.13,1,-1,-1,-1
161,16,404.18,114.95,46.31,143.37,1,-1,-1,-1
161,17,339.20,114.36,50.53,141.31,1,-1,-1,-1
161,21,446.42,111.42,54.72,149.92,1,-1,-1,-1
161,24,95.34,112.77,58.82,171.20,1,-1,-1,-1
162,3,257.85,92.17,52.68,160.28,1,-1,-1,-1
162,8,185.23,91.35,54.76,155.75,1,-1,-1,-1
162,16,403.60,115.27,46.72,143.43,1,-1,-1,-1
162,17,338.18,115.01,49.76,140.32,1,-1,-1,-1
162,21,443.37,111.45,54.63,150.46,1,-1,-1,-1
162,24,99.37,113.66,60.90,170.33,1,-1,-1,-1
163,3,258.34,91.87,52.17,160.21,1,-1,-1,-1
163,8,185.21,91.12,54.82,156.01,1,-1,-1,-1
163,16,402.27,115.21,47.40,143.85,1,-1,-1,-1
163,17,337.00,115.12,49.33,139.94,1,-1,-1,-1
163,21,440.99,111.39,54.69,150.60,1,-1,-1,-1
163,24,101.94,114.59,62.94,168.46,1,-1,-1,-1
164,3,258.66,91.41,51.80,160.52,1,-1,-1,-1
164,8,185.31,91.17,54.75,156.02,1,-1,-1,-1
164,16,400.62,114.58,47.96,144.71,1,-1,-1,-1
164,17,335.88,114.97,49.11,139.84,1,-1,-1,-1
164,21,438.29,110.80,55.02,150.99,1,-1,-1,-1
164,24,101.98,114.87,65.30,168.10,1,-1,-1,-1
165,3,258.86,90.50,51.59,161.25,1,-1,-1,-1
165,8,185.28,90.65,54.86,156.55,1,-1,-1,-1
165,16,399.10,113.59,48.65,145.79,1,-1,-1,-1
165,17,334.79,114.41,49.11,140.41,1,-1,-1,-1
165,21,436.06,109.60,55.56,151.93,1,-1,-1,-1
165,24,101.41,114.99,67.57,167.85,1,-1,-1,-1
166,3,259.08,89.55,51.33,161.74,1,-1,-1,-1
166,8,185.38,91.33,54.56,155.69,1,-1,-1,-1
166,16,397.42,112.92,49.13,146.31,1,-1,-1,-1
166,17,333.56,113.95,49.16,140.73,1,-1,-1,-1
166,21,435.17,108.39,55.79,151.74,1,-1,-1,-1
166,24,101.75,115.21,69.49,167.69,1,-1,-1,-1
167,3,259.33,88.85,50.74,161.12,1,-1,-1,-1
167,8,185.51,90.82,54.71,156.35,1,-1,-1,-1
167,16,395.13,112.31,49.50,147.25,1,-1,-1,-1
167,17,332.52,113.24,49.08,141.15,1,-1,-1,-1
167,21,433.73,107.14,56.54,153.42,1,-1,-1,-1
167,24,103.24,114.61,71.14,167.94,1,-1,-1,-1
168,3,259.39,87.74,50.30,160.87,1,-1,-1,-1
168,8,185.60,91.06,54.61,156.15,1,-1,-1,-1
168,16,392.35,111.18,49.75,148.32,1,-1,-1,-1
168,17,331.84,112.49,48.39,139.76,1,-1,-1,-1
168,21,432.90,106.75,57.11,154.13,1,-1,-1,-1
168,24,105.30,113.57,72.24,168.63,1,-1,-1,-1
169,3,259.26,87.39,49.83,160.42,1,-1,-1,-1
169,8,185.74,90.99,54.53,156.00,1,-1,-1,-1
169,16,389.33,110.22,50.03,149.38,1,-1,-1,-1
169,17,331.01,111.31,48.09,139.57,1,-1,-1,-1
169,21,432.86,107.47,57.35,154.36,1,-1,-1,-1
169,24,109.40,112.01,72.95,168.82,1,-1,-1,-1
170,3,258.91,87.09,49.56,160.49,1,-1,-1,-1
170,8,185.62,91.14,54.51,155.97,1,-1,-1,-1
170,16,385.46,109.87,50.43,151.37,1,-1,-1,-1
170,17,330.17,110.35,47.89,139.66,1,-1,-1,-1
170,21,431.68,108.32,57.42,154.14,1,-1,-1,-1
170,24,112.68,109.20,72.92,169.93,1,-1,-1,-1
171,3,258.50,87.02,49.43,160.75,1,-1,-1,-1
171,8,185.69,91.18,54.48,155.93,1,-1,-1,-1
171,16,384.01,109.53,49.96,150.80,1,-1,-1,-1
171,17,328.97,109.78,48.05,140.32,1,-1,-1,-1
171,21,429.37,109.27,56.89,153.07,1,-1,-1,-1
171,24,118.00,108.48,71.89,169.70,1,-1,-1,-1
172,3,257.63,87.13,49.39,160.97,1,-1,-1,-1
172,8,185.86,91.37,54.43,155.82,1,-1,-1,-1
172,16,382.81,109.64,49.60,150.73,1,-1,-1,-1
172,17,327.73,109.14,48.10,140.59,1,-1,-1,-1
172,21,427.12,110.00,56.90,152.80,1,-1,-1,-1
172,24,124.09,108.17,69.89,169.41,1,-1,-1,-1
173,3,256.70,87.25,49.41,161.14,1,-1,-1,-1
173,8,186.09,91.27,54.38,155.87,1,-1,-1,-1
173,16,382.42,110.55,48.90,149.64,1,-1,-1,-1
173,17,326.89,108.42,48.20,140.95,1,-1,-1,-1
173,21,426.62,110.55,56.44,151.78,1,-1,-1,-1
173,24,129.63,107.01,68.26,170.46,1,-1,-1,-1
174,3,255.84,87.10,49.58,161.79,1,-1,-1,-1
174,8,186.19,91.57,54.23,155.63,1,-1,-1,-1
174,16,382.23,111.36,48.23,148.62,1,-1,-1,-1
174,17,326.69,108.45,48.01,140.66,1,-1,-1,-1
174,21,425.00,110.64,56.96,152.82,1,-1,-1,-1
174,24,134.98,106.39,66.58,170.73,1,-1,-1,-1
175,3,255.21,87.00,49.58,161.74,1,-1,-1,-1
175,8,187.03,91.74,53.96,155.61,1,-1,-1,-1
175,16,381.91,112.47,47.99,148.83,1,-1,-1,-1
175,17,325.15,108.46,48.10,140.53,1,-1,-1,-1
175,21,424.47,110.89,57.15,153.25,1,-1,-1,-1
175,24,139.71,107.58,64.32,169.28,1,-1,-1,-1
176,3,254.90,87.08,49.57,161.73,1,-1,-1,-1
176,8,187.65,91.49,53.74,155.87,1,-1,-1,-1
176,16,380.36,113.39,47.60,148.00,1,-1,-1,-1
176,17,323.06,108.35,48.38,140.42,1,-1,-1,-1
176,21,422.59,110.94,57.17,153.59,1,-1,-1,-1
176,24,143.19,108.21,62.93,168.72,1,-1,-1,-1
177,3,254.80,87.01,49.48,161.80,1,-1,-1,-1
177,8,189.17,91.88,53.03,155.44,1,-1,-1,-1
177,16,378.57,113.92,47.52,147.97,1,-1,-1,-1
177,17,321.18,108.55,48.84,140.11,1,-1,-1,-1
177,21,421.90,110.71,57.42,154.46,1,-1,-1,-1
177,24,147.94,109.80,62.07,166.83,1,-1,-1,-1
178,3,254.50,86.87,49.29,161.65,1,-1,-1,-1
178,8,191.22,91.71,52.22,155.57,1,-1,-1,-1
178,16,376.08,113.80,48.02,148.67,1,-1,-1,-1
178,17,319.42,109.38,49.08,139.31,1,-1,-1,-1
178,21,420.19,109.36,57.76,156.32,1,-1,-1,-1
178,24,150.90,111.20,62.12,165.77,1,-1,-1,-1
179,3,254.68,87.58,48.92,160.88,1,-1,-1,-1
179,8,193.22,91.21,51.23,155.87,1,-1,-1,-1
179,16,375.50,113.63,48.02,148.98,1,-1,-1,-1
179,17,318.47,109.32,49.43,139.48,1,-1,-1,-1
179,21,418.01,108.42,57.44,157.17,1,-1,-1,-1
179,24,152.35,112.71,62.37,163.58,1,-1,-1,-1
